"","0 In Hand","1 In Hand","2 In Hand","3 In Hand","4 In Hand","5 In Hand","6 In Hand","7 In Hand"
"1 Copy(s) of Card Total",0.891473230956473,0.108526769043525,0,0,0,0,0,0
"2 Copy(s) of Card Total",0.792969466739813,0.19700752843332,0.0100230048268645,0,0,0,0,0
"3 Copy(s) of Card Total",0.70373206061472,0.267712218375278,0.0277990742747024,0.000756646735296963,0,0,0,0
"4 Copy(s) of Card Total",0.623048162610471,0.322735592017002,0.051321048725053,0.00285139988290128,4.37967645716446e-05,0,0,0
"5 Copy(s) of Card Total",0.550246990701253,0.36400585954608,0.0788272609503435,0.00670782025807817,0.000210339724587502,1.72881965414386e-06,0,0
"6 Copy(s) of Card Total",0.484698136912178,0.39329312273446,0.108784771802092,0.0126081594978977,0.000605610763694033,1.01633640273912e-05,3.49256495786639e-08,0
"7 Copy(s) of Card Total",0.425809908350903,0.412217599928917,0.139873129783853,0.0207092512317927,0.00135502788952821,3.48383354547172e-05,2.44479547050647e-07,0
"8 Copy(s) of Card Total",0.373027703164948,0.422257641487647,0.170968654508908,0.0310577037391261,0.00259637278967787,9.09463915028409e-05,9.77918188202589e-07,0
"9 Copy(s) of Card Total",0.325832421424623,0.42475753566293,0.201129244042697,0.0436043940937653,0.0044732422723857,0.00020022874903448,2.93375456460777e-06,0
"10 Copy(s) of Card Total",0.28373891093163,0.420935104929923,0.229579706129996,0.0582182637956664,0.00712902359199689,0.000391656234375137,7.33438641151942e-06,0
"11 Copy(s) of Card Total",0.246294447953308,0.411889092761548,0.255697613306841,0.0746994158894662,0.0107013936591505,0.000701900779582408,1.61356501053427e-05,0
"12 Copy(s) of Card Total",0.213077252882518,0.398606340849473,0.278999681897184,0.0927915135700818,0.0153173421357146,0.00117559736481783,3.22713002106854e-05,0
"13 Copy(s) of Card Total",0.183695040823195,0.38196875677121,0.299128674894311,0.11219348027532,0.0210887184144649,0.00186539640682123,5.99324146769873e-05,0
"14 Copy(s) of Card Total",0.15778360710153,0.362760072103304,0.315840828726988,0.132570501265495,0.028108302483507,0.00283180659348764,0.000104881725684728,0
"15 Copy(s) of Card Total",0.135005447702821,0.341672390980633,0.328993803910359,0.153564326690055,0.0364463996754429,0.00414282816454676,0.000174802876141213,0
"16 Copy(s) of Card Total",0.115048414633959,0.319312529101797,0.338535159581578,0.174802876141213,0.0461479593012802,0.00587337663834473,0.00027968460182594,0
"17 Copy(s) of Card Total",0.0976244062115684,0.296208143180634,0.344491351920204,0.195909144694591,0.0572302171690859,0.00810449698472894,0.000432239839185543,0
"18 Copy(s) of Card Total",0.0824680922758014,0.272813650843811,0.346957256453317,0.216509410436873,0.0696808619873838,0.0109223682440347,0.000648359758778316,0
"19 Copy(s) of Card Total",0.0693356743297732,0.249515940974534,0.346086214245389,0.236240743480464,0.0834567256532946,0.014417098592175,0.000947602724368311,0
"20 Copy(s) of Card Total",0.0580036806046552,0.226639874502362,0.342080601972908,0.254757816465153,0.098482997425421,0.0186813108518324,0.00135371817766901,0
"21 Copy(s) of Card Total",0.048267796050412,0.204453575639108,0.33518292588372,0.271739016546794,0.114652961981475,0.0238085184497538,0.00189520544873662,0
"22 Copy(s) of Card Total",0.0399417272521909,0.183173513560861,0.325667439641143,0.286891858872993,0.13182826136065,0.0298912918201475,0.00260590749201286,0
"23 Copy(s) of Card Total",0.0328561022723605,0.1629693745361,0.313832286052804,0.299957701545795,0.149839680790739,0.0370192152541825,0.0035256395480174,0
"24 Copy(s) of Card Total",0.0268574054181976,0.14396872449991,0.299992162684235,0.310715762071387,0.168488458399989,0.0452766341955918,0.00470085273068984,0
"25 Copy(s) of Card Total",0.0218069469352253,0.126261462074307,0.284471511357192,0.318986435296811,0.187548118813707,0.0547401929823753,0.00618533254038138,0
"26 Copy(s) of Card Total",0.0175798676262,0.109904062034659,0.267598231532748,0.324633912833682,0.206766830635606,0.0654761630346087,0.00804093230249581,0
"27 Copy(s) of Card Total",0.0140641783957475,0.0949236092222153,0.249697917579099,0.327568103968909,0.225870287813895,0.0775375614883521,0.0103383415317803,0
"28 Copy(s) of Card Total",0.01115983472065,0.0813216229027322,0.231088619924133,0.327745858062439,0.244565114892115,0.0909610602756639,0.0131578892222658,0
"29 Copy(s) of Card Total",0.00877784604578081,0.0690776715712058,0.212076130092736,0.325171488431996,0.262542796144711,0.105763685650713,0.016590382062857,0
"30 Copy(s) of Card Total",0.0068394201056906,0.0581527782027066,0.192949789628842,0.319896597724831,0.27948412859736,0.121939308161999,0.0207379775785712,0
"31 Copy(s) of Card Total",0.00527514217184174,0.0484926159493147,0.173978822902229,0.312019204776488,0.295064198932029,0.139454923070669,0.0257150921974283,0
"32 Copy(s) of Card Total",0.00402418922549298,0.04003049428316,0.155409193800054,0.301682172956566,0.308957884276795,0.158246721214943,0.0316493442429887,0
"33 Copy(s) of Card Total",0.0030335790562335,0.0326901355855627,0.137460986303138,0.289070940001505,0.320845876880379,0.178215950320638,0.0386825318525415,0
"34 Copy(s) of Card Total",0.00225745428616652,0.0263882421822775,0.120326308946987,0.274410549334365,0.330421232671463,0.199224566757794,0.0469716458209434,0
"35 Copy(s) of Card Total",0.0016564013197425,0.0210368538248406,0.104167723167566,0.257961982871622,0.337396443702716,0.221090677743407,0.0566899173701042,0
"36 Copy(s) of Card Total",0.00119680421924199,0.0165454956180184,0.0891171955318077,0.240017795316972,0.341511034479578,0.243583773990253,0.0680279008441248,0
"37 Copy(s) of Card Total",0.000850233505907952,0.0128231163933595,0.0752755738528702,0.220897049942142,0.342539682173794,0.26641975280184,0.0811945913300846,0
"38 Copy(s) of Card Total",0.000592869886727735,0.00977981752884822,0.0627125871901378,0.200939555854705,0.340300860721678,0.289255731613426,0.0964185772044752,0
"39 Copy(s) of Card Total",0.000404962906864608,0.00732837221466198,0.0514673697339629,0.180499406752916,0.334666008807132,0.311684651979174,0.113949227605289,0
"40 Copy(s) of Card Total",0.000270324527738859,0.00538553516502997,0.041549508575155,0.159937821167542,0.325569221729397,0.333229674005383,0.134057914829752,0
"41 Copy(s) of Card Total",0.000175857630758489,0.00387314277619518,0.032940615359211,0.139615284190709,0.31301746715557,0.353338361229848,0.157039271657709,0
"42 Copy(s) of Card Total",0.000111119446699477,0.00271900373047848,0.0255964218252898,0.119882990691756,0.297101324757829,0.371376655947285,0.183212483600661,0
"43 Copy(s) of Card Total",6.79199107356277e-05,0.00185758004644552,0.0194493992299313,0.101073590020093,0.278006249735436,0.386622644980911,0.212922616076444,0
"44 Copy(s) of Card Total",3.99549431179915e-05,0.00123045857517599,0.0144119016555177,0.0834912321950783,0.256024360221474,0.398260115900069,0.246541976509566,0
"45 Copy(s) of Card Total",2.24746555038702e-05,0.000786612942635458,0.0103798332034797,0.0674009155828886,0.2315667485743,0.405371903683998,0.284471511357191,0
"46 Copy(s) of Card Total",1.19864829353975e-05,0.000482455938149747,0.00723683907224623,0.0530171360604118,0.205176316553793,0.406933027831691,0.327142238060772,0
"47 Copy(s) of Card Total",5.99324146769873e-06,0.00028168234898184,0.00485902051993674,0.0404918376661395,0.177541134382304,0.401803619917845,0.375016711923323,0
"48 Copy(s) of Card Total",2.76611144663018e-06,0.00015490224101129,0.00312017371179884,0.0299016647380722,0.149508323690361,0.388721641594939,0.428590527912369,0
"49 Copy(s) of Card Total",1.15254643609591e-06,7.90646855161793e-05,0.00189755245238831,0.021234515538631,0.122098464347128,0.366295393041385,0.488393857388514,0
"50 Copy(s) of Card Total",4.19107794943966e-07,3.66719320575971e-05,0.00107815480249336,0.0143753973665781,0.0965205251755958,0.332995811855805,0.554993019759676,0
