"","0 In Hand","1 In Hand","2 In Hand","3 In Hand","4 In Hand","5 In Hand","6 In Hand","7 In Hand"
"1 Copy(s) of Card Total",0.889046033836968,0.110953966163026,0,0,0,0,0,0
"2 Copy(s) of Card Total",0.788600918401894,0.200890230870153,0.0105088507279499,0,0,0,0,0
"3 Copy(s) of Card Total",0.697848259047429,0.272257978063391,0.0290773682418393,0.000816394647336748,0,0,0,0
"4 Copy(s) of Card Total",0.61602047647629,0.327311130284562,0.0535492606999399,0.00307031718915924,4.88153500469396e-05,0,0,0
"5 Copy(s) of Card Total",0.54239680783681,0.3681183431974,0.0820411393166042,0.00720762851662895,0.00023408222813457,1.99890442002554e-06,0,0
"6 Copy(s) of Card Total",0.476301349900733,0.396572747616463,0.112923160551041,0.0135180645651538,0.000672894351078073,1.17409333302553e-05,4.20821983163273e-08,0
"7 Copy(s) of Card Total",0.417101144323183,0.414401439042854,0.144800299529064,0.0221535420706557,0.00150307091836342,4.02095404912507e-05,2.94575388214291e-07,0
"8 Copy(s) of Card Total",0.36420430498484,0.423174714706741,0.176494254697816,0.033145622681872,0.00287505578897148,0.000104868838204288,1.17830155285716e-06,0
"9 Copy(s) of Card Total",0.317058187416316,0.424315058116717,0.207025983713467,0.04642213542869,0.00494444789117686,0.00023065252897179,3.53490465857149e-06,0
"10 Copy(s) of Card Total",0.275147600304722,0.419105871115932,0.235598870561891,0.0618229575465164,0.00786516286532156,0.000450700343967865,8.83726164642872e-06,0
"11 Copy(s) of Card Total",0.237993059082444,0.408699953445065,0.261582523912307,0.0791149536566784,0.0117832259395632,0.000806841988318942,1.94419756221432e-05,0
"12 Copy(s) of Card Total",0.205149081598104,0.394127729812087,0.284497206703909,0.0980060733028607,0.0168311960385983,0.00134982859319451,3.88839512442864e-05,0
"13 Copy(s) of Card Total",0.17620252586973,0.37630522446885,0.303998896965464,0.118158606843575,0.0231232211253597,0.00213931167470797,7.22130523108176e-05,0
"14 Copy(s) of Card Total",0.150770969920125,0.356041783294473,0.319864979867876,0.139201599700663,0.0307507247756898,0.00324356959962755,0.000126372841543931,0
"15 Copy(s) of Card Total",0.128501133694422,0.334047543385543,0.331980571009741,0.160742424963833,0.0397787239859872,0.00473898155789741,0.000210621402573218,0
"16 Copy(s) of Card Total",0.109067343059852,0.310940650153131,0.340325470935869,0.182377514351231,0.0502427782138294,0.00670924904196865,0.000336994244117148,0
"17 Copy(s) of Card Total",0.0921700358876986,0.287254221926604,0.344961750888775,0.203702247526047,0.0621465696515688,0.00924436483294085,0.000520809286362864,0
"18 Copy(s) of Card Total",0.0775343102174614,0.263443062064268,0.346021969793157,0.224319999769148,0.0754601147329052,0.0124393294935131,0.000781213929544299,0
"19 Copy(s) of Card Total",0.0649085145032086,0.239890118570801,0.343698022473336,0.243850348007757,0.0901186068724318,0.0163926153677455,0.00114177420471859,0
"20 Copy(s) of Card Total",0.0540628799421332,0.216912691221509,0.338230619103682,0.261936435200148,0.106021890438155,0.021204378087631,0.00163110600674085,0
"21 Copy(s) of Card Total",0.0447881948853055,0.194768386193384,0.329899395892008,0.278251493076395,0.123034565956992,0.0269744155864767,0.00228354840943718,0
"22 Copy(s) of Card Total",0.0368945213306246,0.173660818202979,0.319013656995937,0.292504523235144,0.140986726553242,0.033799874619096,0.00313987906297613,0
"23 Copy(s) of Card Total",0.0302099534979684,0.153745060151091,0.305903747672252,0.30444513659641,0.159675325620027,0.0417727047888098,0.0042480716734383,0
"24 Copy(s) of Card Total",0.0245794184865414,0.135132840274251,0.290913058659218,0.313867551210428,0.178866175723717,0.0509768600812595,0.00566409556458438,0
"25 Copy(s) of Card Total",0.0198635190144204,0.117897486803022,0.274390661791864,0.320613748422518,0.198296578741324,0.061485247905028,0.00745275732182157,0
"26 Copy(s) of Card Total",0.0159374182403004,0.102078620127122,0.256684576850269,0.324575787394,0.217678587230866,0.073356425639072,0.00968858451836804,0
"27 Copy(s) of Card Total",0.0126897666674362,0.0876865924673345,0.238135669640796,0.325697277979131,0.236702897034719,0.0866310446869659,0.0124567515236161,0
"28 Copy(s) of Card Total",0.0100216711297843,0.0747066750542497,0.219072181310309,0.323974011958076,0.255043371115933,0.101328042037951,0.0158540473936931,0
"29 Copy(s) of Card Total",0.00784570586034286,0.0631029928138031,0.199804888893377,0.319453752625928,0.272362194627521,0.117440579334803,0.0199898858442218,0
"30 Copy(s) of Card Total",0.00608496564168858,0.0528222065596286,0.180622897092432,0.312235182737736,0.288315661214737,0.134931729448497,0.0249873573052773,0
"31 Copy(s) of Card Total",0.00467216103871369,0.0437969426922218,0.161790061290918,0.302466010809594,0.302560590550309,0.153729910559698,0.0309843230585438,0
"32 Copy(s) of Card Total",0.00354875571356017,0.0359489704049124,0.143542041799405,0.290340235775735,0.314761377102668,0.173724067747049,0.0381345514566693,0
"33 Copy(s) of Card Total",0.00266414582275266,0.0291921263966479,0.126083989334687,0.276094570001691,0.324597670137125,0.194758602082275,0.0466088962248178,0
"34 Copy(s) of Card Total",0.00197488149652954,0.0234349870915862,0.109588861731843,0.260004020653461,0.331772684950058,0.216628047232097,0.0565965168444218,0
"35 Copy(s) of Card Total",0.00144393040037244,0.0185832883654985,0.0941963718892839,0.242376629422718,0.336022145336041,0.239071493566955,0.0683061410191298,0
"36 Copy(s) of Card Total",0.00103998337873401,0.0145420927789833,0.0800125669467656,0.223547370608061,0.337123857287962,0.261766759776536,0.0819673692229555,0
"37 Copy(s) of Card Total",0.000736802180964031,0.0112177043174892,0.0671100386963846,0.203871207552287,0.33490791393012,0.284324311992127,0.0978320213306245,0
"38 Copy(s) of Card Total",0.000512609269433799,0.00851933063814887,0.0555287652265416,0.183715307435708,0.329267531684288,0.306280930415762,0.116175525330116,0
"39 Copy(s) of Card Total",0.000349519709858872,0.00636049282342212,0.0452775837988826,0.163450414425489,0.320170517668752,0.327093123456185,0.13729834811741,0
"40 Copy(s) of Card Total",0.00023301514382012,0.00466018264155007,0.0363362949582159,0.143441381181033,0.307671368330331,0.346130289371623,0.161527468373424,0
"41 Copy(s) of Card Total",0.000151459843483078,0.00334376731381873,0.028658397875402,0.124036858715391,0.291923999309371,0.362667625419379,0.189217891523154,0
"42 Copy(s) of Card Total",9.56588485156284e-05,0.00234364178863289,0.0221744569232189,0.105558144612709,0.273195106537698,0.375878784512211,0.220754206777013,0
"43 Copy(s) of Card Total",5.84581852039951e-05,0.00159962852240023,0.0167960994852024,0.088287189601705,0.251878158569568,0.384828279381549,0.256552186254366,0
"44 Copy(s) of Card Total",3.4387167767056e-05,0.00105912476722532,0.0124206449974606,0.072453762485187,0.22850802014559,0.388463634247502,0.297060426189266,0
"45 Copy(s) of Card Total",1.9342781868969e-05,0.000676997365413914,0.00893636522346363,0.0582217734255966,0.203776206989588,0.385607283995681,0.342762030218383,0
"46 Copy(s) of Card Total",1.03161503301168e-05,0.000415225050787201,0.00622837576180802,0.0456747555865921,0.178546771838496,0.374948220860842,0.394176334751143,0
