"","0 In Hand","1 In Hand","2 In Hand","3 In Hand","4 In Hand","5 In Hand","6 In Hand","7 In Hand"
"1 Copy(s) of Card Total",0.886675108209504,0.113324891790495,0,0,0,0,0,0
"2 Copy(s) of Card Total",0.784365019416595,0.204620177585823,0.0110148029975835,0,0,0,0,0
"3 Copy(s) of Card Total",0.692186662571264,0.276535070535986,0.0303951958427491,0.000883071050000469,0,0,0,0
"4 Copy(s) of Card Total",0.609311815757059,0.331499387256822,0.0558210601867377,0.00331288766584027,5.48491335404017e-05,0,0,0
"5 Copy(s) of Card Total",0.534964755513904,0.37173530121577,0.0852778657105156,0.00775723460071397,0.000262492281943351,2.35067715173151e-06,0,0
"6 Copy(s) of Card Total",0.468419958398239,0.399268782694002,0.117033946912307,0.0145104688712884,0.00075300024760466,1.37906392901582e-05,5.22372700384778e-08,0
"7 Copy(s) of Card Total",0.408999854780389,0.415940725324941,0.149618563454179,0.0237149370384184,0.0016783834863363,4.71702548447456e-05,3.65660890269345e-07,0
"8 Copy(s) of Card Total",0.356072634879243,0.423417759209169,0.181800744067674,0.0353813477424618,0.00320318939875947,0.0001228620591305,1.46264356107738e-06,0
"9 Copy(s) of Card Total",0.309050107034167,0.423202750605692,0.212568914018498,0.049408099493194,0.00549588318074827,0.000269857737018777,4.38793068323214e-06,0
"10 Copy(s) of Card Total",0.267385608214206,0.4166449881996,0.241111306130253,0.0655995637143205,0.00872101223292388,0.000526551681987857,1.09698267080803e-05,0
"11 Copy(s) of Card Total",0.23057196676456,0.404950055946116,0.266797155367223,0.083683323042591,0.0130321541291995,0.000941211131553295,2.41336187577768e-05,0
"12 Copy(s) of Card Total",0.198139517390309,0.389189392490997,0.289158676976214,0.10332636488151,0.0185656481443754,0.00157213287907803,4.82672375155536e-05,0
"13 Copy(s) of Card Total",0.169654168377437,0.37030953716734,0.307873828187439,0.124150230209649,0.0254351103407855,0.00248748656196228,8.9639155386028e-05,0
"14 Copy(s) of Card Total",0.144715521051097,0.349141062568757,0.322749853474457,0.145745117643556,0.0337267322139931,0.00376484452621317,0.000156868521925549,0
"15 Copy(s) of Card Total",0.122955041471169,0.326407193698931,0.333707613373159,0.167682942755265,0.0434953628975385,0.00549039826739423,0.000261447536542582,0
"16 Copy(s) of Card Total",0.104034284365072,0.302732113697552,0.340766696859808,0.189529352644407,0.0547613749267371,0.0077578614479544,0.00041831605846813,0
"17 Copy(s) of Card Total",0.087643169297858,0.278648956142633,0.344031317288133,0.210854695764916,0.0675083135615265,0.0106670594909373,0.0006464884539962,0
"18 Copy(s) of Card Total",0.0734983090795688,0.254607483929204,0.343676991885462,0.231243947006334,0.081681329668366,0.0143222057500697,0.000969732680994302,0
"19 Copy(s) of Card Total",0.0613413904098641,0.230981454724391,0.339938004807918,0.250305588029725,0.0971863961611875,0.0188298642562301,0.00141730161068398,0
"20 Copy(s) of Card Total",0.0509376067599206,0.208075672998869,0.333095653754659,0.267679442858173,0.113890308001392,0.0242965990402969,0.00202471658669141,0
"21 Copy(s) of Card Total",0.0420741434916019,0.186132728634696,0.323467280141167,0.28304346872189,0.131621465756902,0.0308263100323767,0.00283460322136796,0
"22 Copy(s) of Card Total",0.034558715213896,0.165339422109529,0.311396082831595,0.296119502157921,0.150171442720266,0.0385172555374119,0.00389757942938096,0
"23 Copy(s) of Card Total",0.0282181553766255,0.14583287625722,0.297241715430158,0.306677960364449,0.169297335585804,0.047458761287168,0.00527319569857424,0
"24 Copy(s) of Card Total",0.0228970581014259,0.127706334604788,0.281371667131578,0.314541497809691,0.188724898685814,0.0577276160686022,0.00703092759809896,0
"25 Copy(s) of Card Total",0.018456472249995,0.111014646285773,0.264153427130575,0.319587618095408,0.208152461785825,0.0693841539286084,0.00925122052381444,0
"26 Copy(s) of Card Total",0.0147726477296115,0.0957794375299711,0.245947432590414,0.321750241075001,0.227255631438896,0.0824680229551457,0.0120265866809588,0
"27 Copy(s) of Card Total",0.0117358340359246,0.0819939697295467,0.227100800170502,0.321020225226213,0.245692775898977,0.0969936406347454,0.0154627543040899,0
"28 Copy(s) of Card Total",0.0092491310330129,0.0696276840815277,0.20794184111303,0.317444845278429,0.263111293593307,0.112945335786395,0.0196798691142962,0
"29 Copy(s) of Card Total",0.00722739197071369,0.0586304328066772,0.188775359888672,0.311126225094575,0.279154665153875,0.130272177071809,0.0248137480136778,0
"30 Copy(s) of Card Total",0.00559617873922215,0.0489363969447466,0.169878736401333,0.302218725807614,0.293470289007921,0.148882488082067,0.0310171850170974,0
"31 Copy(s) of Card Total",0.00429076936096058,0.0404676907261084,0.151498791751944,0.290925289211646,0.305718100527492,0.168638049000649,0.0384613094212006,0
"32 Copy(s) of Card Total",0.00325521771971779,0.0331376525197692,0.133849437561313,0.277492736407601,0.315579974738057,0.189347984842834,0.0473369962107085,0
"33 Copy(s) of Card Total",0.00244146552705838,0.0268538223577605,0.117110108852023,0.26220602170354,0.322769912586152,0.210762340271488,0.0578563287019766,0
"34 Copy(s) of Card Total",0.00180850652600215,0.0215206060359121,0.10142498048938,0.245381441769548,0.327045010766101,0.232565340989228,0.0702541134238292,0
"35 Copy(s) of Card Total",0.00132160293197349,0.0170416257910028,0.0869029671814128,0.227358800047222,0.328217215105765,0.254368341706968,0.0847894472356556,0
"36 Copy(s) of Card Total",0.000951554111020914,0.0133217575542928,0.0736185070379274,0.208492526413775,0.326165857511353,0.275702460688842,0.101747336682787,0
"37 Copy(s) of Card Total",0.000674017495306481,0.010268854781434,0.0616131286886042,0.189141752100722,0.320850976471289,0.296010900873511,0.121440369589133,0
"38 Copy(s) of Card Total",0.000468881735865378,0.00779515885876191,0.0508978019601513,0.169659339867171,0.312327421119111,0.314640957571844,0.144210438887094,0
"39 Copy(s) of Card Total",0.000319692092635485,0.00581839608596583,0.0414560721125066,0.15037986942772,0.300759738855441,0.330835712740984,0.170430518684749,0
"40 Copy(s) of Card Total",0.00021312806175699,0.0042625612351398,0.0332479776340905,0.131606578134941,0.28643784652899,0.343725415834788,0.200506492570292,0
"41 Copy(s) of Card Total",0.000138533240142044,0.00305838768621281,0.0262147515961099,0.113597256916475,0.26979348517663,0.352318551230658,0.234879034153771,0
