"","0 Prized","1 Prized","2 Prized","3 Prized","4 Prized","5 Prized","6 Prized"
"1 Copy(s) of Card Total",0.899151893490215,0.100848106509782,0,0,0,0,0
"2 Copy(s) of Card Total",0.806922801208387,0.184458184563658,0.00861901422795352,0,0,0,0
"3 Copy(s) of Card Total",0.72271325799872,0.252628629629006,0.0240586472164817,0.000599465155792981,0,0,0
"4 Copy(s) of Card Total",0.645955617624028,0.30703056149876,0.0447114170098699,0.0022705849487288,3.18189186107781e-05,0,0
"5 Copy(s) of Card Total",0.576112906721879,0.349213554510754,0.069149294725394,0.00536973362438945,0.000153364373716286,1.14604386752101e-06,0
"6 Copy(s) of Card Total",0.51267769977472,0.380611241682946,0.0961125593248937,0.0101485103509295,0.000443217673387059,6.75017910471955e-06,2.10140167344175e-08
"7 Copy(s) of Card Total",0.455171015094068,0.402546792764571,0.124498967596602,0.016764359097082,0.000995534017044645,2.31843325150957e-05,1.47098117140923e-07
"8 Copy(s) of Card Total",0.403141231818673,0.416238266203161,0.153353239347222,0.0252907682298296,0.00191525790687705,6.06481017697944e-05,5.88392468563692e-07
"9 Copy(s) of Card Total",0.356163027926729,0.422803835027492,0.181856857804253,0.0357270498317408,0.00331365376950518,0.000133810462873501,1.76517740569107e-06
"10 Copy(s) of Card Total",0.313836339262088,0.42326688664642,0.209318185228577,0.0480076987379725,0.00530415178790038,0.000262325393529929,4.41294351422768e-06
"11 Copy(s) of Card Total",0.275785339574487,0.418560996563605,0.235162893737282,0.0620113312929356,0.00799850894355279,0.000471221412406901,9.7084757313009e-06
"12 Copy(s) of Card Total",0.241657441573806,0.40953477600816,0.258924711336749,0.0775692038266292,0.011503285268891,0.000791165034301029,1.94169514626018e-05
"13 Copy(s) of Card Total",0.211122318998331,0.396956593481176,0.280236483165984,0.094473310850637,0.0159166353099526,0.00125859814120198,3.60600527162605e-05
"14 Copy(s) of Card Total",0.183870949697034,0.381519170218158,0.2988215479502,0.112484062973791,0.0213254147993055,0.00191574926925633,6.31050922534559e-05
"15 Copy(s) of Card Total",0.159614679725877,0.363844049567362,0.314485429664655,0.131337544537498,0.0278026025392207,0.00281051881163103,0.00010517515375576
"16 Copy(s) of Card Total",0.138084308458125,0.344485940284021,0.327107844408733,0.150752350970737,0.0354050374950957,0.00399623813727647,0.000168280246009216
"17 Copy(s) of Card Total",0.119029194708685,0.323936933740487,0.336635022490288,0.170436005864716,0.0441714710991294,0.00553130262558911,0.000260069471105152
"18 Copy(s) of Card Total",0.102216383872449,0.302630595052254,0.343072345720226,0.190090957767193,0.0541209347642471,0.00747867861697365,0.000390104206657727
"19 Copy(s) of Card Total",0.087429756076665,0.280945928119896,0.346477299917346,0.209420156696472,0.0652514226082781,0.00990528427930501,0.000570152302038216
"20 Copy(s) of Card Total",0.07446919534732,0.259211214586898,0.346952742623431,0.228132210375053,0.0775388893883821,0.0128812443902896,0.000814503288626023
"21 Copy(s) of Card Total",0.0631497797895398,0.237707726713384,0.344640486028588,0.245946120182956,0.0909365636457289,0.0164790190357264,0.00114030460407643
"22 Copy(s) of Card Total",0.0533009927820056,0.216673314165751,0.339715195106842,0.262595596830701,0.105374576060428,0.0207724062236677,0.00156791883060509
"23 Copy(s) of Card Total",0.0447659551853883,0.196305864722196,0.332378600961974,0.277832955751964,0.120759903016707,0.025835418414479,0.00212130194728924
"24 Copy(s) of Card Total",0.0374006785647988,0.176766638894151,0.322854029383623,0.291432592215893,0.136976625378349,0.031741032966799,0.00282840259638566
"25 Copy(s) of Card Total",0.0310733394262546,0.158183478463605,0.311381244613623,0.303194036159084,0.153886502474368,0.0385598164993992,0.00372158236366534
"26 Copy(s) of Card Total",0.0256635744671645,0.140653888936341,0.298211608322603,0.312944586737234,0.171329861294948,0.0463584231689423,0.00483805707276494
"27 Copy(s) of Card Total",0.021061796840829,0.124247995911059,0.283603553796838,0.320541526596451,0.189126800897626,0.0551979668636416,0.00622035909355494
"28 Copy(s) of Card Total",0.0171685334349573,0.109011375364407,0.267818375335337,0.325873915864229,0.207078712023726,0.0651322673128181,0.00791682066452446
"29 Copy(s) of Card Total",0.0138937831642019,0.0949677578519067,0.251116332857204,0.328863965860094,0.224970111925051,0.0762059701123596,0.00998207822918303
"30 Copy(s) of Card Total",0.0111563962767091,0.0821216066247843,0.233753071719228,0.32946799252591,0.242570794400813,0.0884525406660766,0.0124775977864788
"31 Copy(s) of Card Total",0.00888347467468672,0.0704605696626942,0.215976357743742,0.327676949575853,0.25963829504483,0.10189213204296,0.0154722212552337
"32 Copy(s) of Card Total",0.00700979324898835,0.0599578056223477,0.198023127456719,0.323516541366051,0.275920671702959,0.116529326750339,0.0190427338525953
"33 Copy(s) of Card Total",0.00547724222771447,0.0505741837020377,0.180116853536132,0.317046915483883,0.291159600140792,0.132350752422934,0.0232744524865053
"34 Copy(s) of Card Total",0.00423429053883017,0.0422603574220661,0.16246522547055,0.308361935056957,0.305093784921595,0.149322571427816,0.0282618351621851
"35 Copy(s) of Card Total",0.00323547018679966,0.034958712321068,0.145258145428002,0.297588030781734,0.317462685494501,0.167387844385258,0.0341091114026372
"36 Copy(s) of Card Total",0.00244088164323751,0.0286051875682371,0.128666039335075,0.284882632671836,0.328010557492956,0.186463767605493,0.0409309336831645
"37 Copy(s) of Card Total",0.00181572025157669,0.0231309714914504,0.112838483166279,0.270432181526008,0.336490809243409,0.206438784441369,0.0488530498799061
"38 Copy(s) of Card Total",0.00132982364575321,0.0184640710212924,0.0979031444436484,0.254449720115751,0.342670673484267,0.2271695705569,0.0580129967323885
"39 Copy(s) of Card Total",0.000957240182907602,0.0145307550509787,0.0839650389466071,0.23717206409261,0.346336194295081,0.248477893111722,0.0685608143200956
"40 Copy(s) of Card Total",0.000675818390103113,0.0112568717121794,0.0711061026320747,0.218856552615145,0.347297529235999,0.270147343861444,0.0806597815530535
"41 Copy(s) of Card Total",0.000466817425060618,0.00856903956674239,0.0593850787648309,0.199777378695555,0.345394566697472,0.291919946173906,0.0944871726764342
"42 Copy(s) of Card Total",0.000314538550910252,0.00639571271431536,0.0488377202581251,0.180221499265963,0.340502858460189,0.313492635961324,0.110235034789173
"43 Copy(s) of Card Total",0.000205977624959823,0.00466811981586846,0.0394773072245423,0.160484124964381,0.332539867465291,0.334513616528349,0.128110986376606
"44 Copy(s) of Card Total",0.000130498601479918,0.00332107703311581,0.0312954797371162,0.140863789640329,0.321471530794819,0.354578587336017,0.148339036857123
"45 Copy(s) of Card Total",7.95280485057643e-05,0.00229367488383688,0.0242633858006943,0.121656999580122,0.307319137862411,0.373226846681592,0.171160427142834
"46 Copy(s) of Card Total",4.62706786558201e-05,0.00152983901309745,0.018333144533556,0.103152462451827,0.290166523814269,0.389937268294335,0.19683449121426
"47 Copy(s) of Card Total",2.54458939670948e-05,0.000978764880370088,0.0134396245592779,0.0856248959698746,0.270167578140348,0.404124151847132,0.22563953870903
"48 Copy(s) of Card Total",1.30453447472118e-05,0.000595226362554377,0.00950253760885417,0.0693284162793481,0.247554068495826,0.415132947384062,0.257873758524605
"49 Copy(s) of Card Total",6.11150244320063e-06,0.000339758272896548,0.00642884733306515,0.0544895060599313,0.222643779732807,0.422235853663842,0.293856143435015
