"","0 Prized","1 Prized","2 Prized","3 Prized","4 Prized","5 Prized","6 Prized"
"1 Copy(s) of Card Total",0.899413824859199,0.1005861751408,0,0,0,0,0
"2 Copy(s) of Card Total",0.807401404016547,0.1840248416853,0.00857375429815006,0,0,0,0
"3 Copy(s) of Card Total",0.723368045697039,0.25210007495853,0.0239371875694201,0.000594691775010038,0,0,0
"4 Copy(s) of Card Total",0.646750535532547,0.30647004065797,0.0444950889301046,0.00225285747249044,3.14774068874293e-05,0,0
"5 Copy(s) of Card Total",0.577016006061573,0.348672647354867,0.0688298069351911,0.00532867461498302,0.00015173453312153,1.13050026312332e-06,0
"6 Copy(s) of Card Total",0.513660826897253,0.380131074985927,0.0956902545997838,0.0100726077373375,0.000438556119471411,6.65899195727184e-06,2.06682702446817e-08
"7 Copy(s) of Card Total",0.456209515563625,0.402159179335389,0.123981224444578,0.0166418866585329,0.00098517688180777,2.28724381753131e-05,1.44677891712772e-07
"8 Copy(s) of Card Total",0.40421366900019,0.415966772507475,0.152753013565389,0.025110571388094,0.00189555908194829,5.98357453337993e-05,5.78711566851086e-07
"9 Copy(s) of Card Total",0.357250915734721,0.422664779389225,0.181191358726742,0.0354792036671031,0.0032799801225567,0.000132026224950219,1.73613470055326e-06
"10 Copy(s) of Card Total",0.314923888724352,0.423270270103695,0.2086076814795,0.0476840451438071,0.00525093016609553,0.000258844045798778,4.34033675138315e-06
"11 Copy(s) of Card Total",0.276859218864938,0.418711368453552,0.234429643302561,0.0616059021838185,0.00791931977783245,0.000464998676444716,9.54874085304293e-06
"12 Copy(s) of Card Total",0.242706549168684,0.409832036355038,0.258192010768599,0.0770785373149133,0.0113909975929005,0.000780771318157155,1.90974817060859e-05
"13 Copy(s) of Card Total",0.212137569610045,0.397396734262314,0.279527830733866,0.0938966673064229,0.0157635780074115,0.00124215332820047,3.54667517398738e-05
"14 Copy(s) of Card Total",0.184845072639889,0.382094957582178,0.298159915552038,0.11182354788322,0.021123578893624,0.00189086063350421,6.2066815544779e-05
"15 Copy(s) of Card Total",0.160542029367945,0.364545649079173,0.313892638312128,0.130598145074304,0.0275438693391639,0.00277422413471154,0.000103444692574632
"16 Copy(s) of Card Total",0.138960686413503,0.345301487271059,0.326604038100437,0.149941893195974,0.0350814274102992,0.00394495610060619,0.000165511508119411
"17 Copy(s) of Card Total",0.119851683424404,0.324853050814678,0.336238235286574,0.169565039469606,0.0437754079392689,0.00546079255291802,0.00025579051254818
"18 Copy(s) of Card Total",0.102983191264283,0.303632858882187,0.342798156833517,0.189172575274017,0.0536455203356647,0.00738401164150698,0.00038368576882227
"19 Copy(s) of Card Total",0.0881400708680899,0.282019287527671,0.346338571631738,0.208469754032428,0.0646907164218668,0.00978082800992575,0.000560771508278703
"20 Copy(s) of Card Total",0.0751230527658829,0.260340362044142,0.346959435857372,0.227167195734026,0.0768881882925333,0.0127206631513608,0.000801102154683861
"21 Copy(s) of Card Total",0.0637479372748875,0.238877425310904,0.344799548354446,0.244985578090109,0.0901926761981434,0.016275291754952,0.00112154301655741
"22 Copy(s) of Card Total",0.0538448153598278,0.217868682131312,0.340030516041164,0.261659914324843,0.104536086452594,0.0205178640424909,0.00154212164776643
"23 Copy(s) of Card Total",0.045257310161528,0.197512619560896,0.332851029340237,0.2769434176006,0.119827419364852,0.0255218040954973,0.00208639987638988
"24 Copy(s) of Card Total",0.0378418391937835,0.177971303225867,0.323481447633273,0.290610952077894,0.135953007194654,0.0313595841726746,0.00278186650185317
"25 Copy(s) of Card Total",0.0314668972085031,0.15937354963201,0.31215869473922,0.302462070609922,0.152777062132268,0.0381013750177433,0.00366035066033312
"26 Copy(s) of Card Total",0.0260123597291207,0.141817974463942,0.299131464416861,0.312323639071685,0.170142534302304,0.0458135721576537,0.00475845585843306
"27 Copy(s) of Card Total",0.0213688072522778,0.125375916874757,0.284655735891364,0.320052047323715,0.18787227979158,0.0545571981911763,0.00611801467512822
"28 Copy(s) of Card Total",0.0174368701177759,0.110094239766053,0.268990599404884,0.325535006810395,0.205770538701036,0.0643861810678716,0.00778656413198136
"29 Copy(s) of Card Total",0.0141265940467992,0.0959980060583249,0.252394391791224,0.328692934792869,0.223624723221714,0.0753455083574377,0.00981784173162867
"30 Copy(s) of Card Total",0.0113568263484076,0.0830930309517474,0.235121142074538,0.329479925216555,0.241207515734779,0.0874692575094368,0.0122723021645359
"31 Copy(s) of Card Total",0.0090546227943001,0.0713683101773321,0.217417327092101,0.327884306213242,0.258279276935598,0.1007785021034,0.0152176546840244
"32 Copy(s) of Card Total",0.00715467516184813,0.0607983242384638,0.199518937141128,0.323928784237802,0.274590763981879,0.115279094089311,0.0187294211495686
"33 Copy(s) of Card Total",0.00559875944539923,0.0513452186428132,0.181648851649639,0.317670174839468,0.28988615866585,0.130959322018467,0.0228915147383616
"34 Copy(s) of Card Total",0.00433520473585122,0.0429608601246323,0.164014524871391,0.309198720067738,0.303906405610509,0.147787445264723,0.0277968393251533
"35 Copy(s) of Card Total",0.00331838276849624,0.0355887688574242,0.146805981604853,0.29863699251285,0.316392860489913,0.165709104236105,0.0335479095303575
"36 Copy(s) of Card Total",0.00250821813913529,0.0291659266569941,0.130194122936239,0.286138385980863,0.327091248273525,0.184644606576813,0.040257491436429
"37 Copy(s) of Card Total",0.00186971918846292,0.0236244611748775,0.114329342006595,0.271885192803337,0.33575593149462,0.204486089359594,0.048049263972512
"38 Copy(s) of Card Total",0.00137252955472219,0.0188932060821478,0.0993404498029395,0.256086267781596,0.342154488542738,0.225094557268498,0.057058500967358
"39 Copy(s) of Card Total",0.000990500394629849,0.0148991372436014,0.0853339109734555,0.238974278765597,0.346072601980192,0.24629679677201,0.067432773870514
"40 Copy(s) of Card Total",0.000701283272571784,0.0115686848823225,0.0723933896667383,0.220802543867387,0.347319256882635,0.267882166286562,0.0793326751417811
"41 Copy(s) of Card Total",0.000485943718068718,0.00882892173462578,0.0605796053950971,0.201841455309163,0.345732249203674,0.289599262330428,0.0929325623089437
"42 Copy(s) of Card Total",0.000328595451512118,0.00660862719537722,0.0499304989219083,0.182374489905915,0.341184004163536,0.311152461667983,0.108421322693768
"43 Copy(s) of Card Total",0.000216055278170384,0.00483922745369454,0.0404617081730248,0.162693806182678,0.3335877046618,0.332198339444359,0.12600315880627
"44 Copy(s) of Card Total",0.000137518650465265,0.00345561161902522,0.0321673541722377,0.14309542812637,0.322903729714173,0.352341963310468,0.14589839440726
"45 Copy(s) of Card Total",8.42558985185211e-05,0.00239682383760346,0.0250211370007912,0.123874015572224,0.30914640291331,0.371133063538403,0.168344301239146
