"","0 Prized","1 Prized","2 Prized","3 Prized","4 Prized","5 Prized","6 Prized"
"1 Copy(s) of Card Total",0.899705022089605,0.100294977910393,0,0,0,0,0
"2 Copy(s) of Card Total",0.807933908257426,0.183542227664359,0.00852386407821366,0,0,0,0
"3 Copy(s) of Card Total",0.724097182146589,0.251510178332511,0.0238031631640274,0.000589476356871188,0,0,0
"4 Copy(s) of Card Total",0.647636475078994,0.305842828270383,0.0442561142594486,0.00223347471240425,3.11076787701277e-05,0,0
"5 Copy(s) of Card Total",0.578023412223175,0.348065314279094,0.0684764421177701,0.00528374831464419,0.000149969233183209,1.11383213348598e-06,0
"6 Copy(s) of Card Total",0.514758519063339,0.379589358959011,0.0952225454397521,0.00998949031587053,0.000433504735063384,6.56118579449689e-06,2.03011677364971e-08
"7 Copy(s) of Card Total",0.457370148169568,0.401718596256408,0.123406967587319,0.0165076600472227,0.000973948005550775,2.25378257582727e-05,1.4210817415548e-07
"8 Copy(s) of Card Total",0.405413426269179,0.415653775203101,0.152086171814774,0.0249129032699705,0.00187419100698219,5.89640032954833e-05,5.6843269662192e-07
"9 Copy(s) of Card Total",0.358469221619278,0.422497841849107,0.180450621017524,0.0352070664034305,0.00324343275228791,0.000130111060280039,1.70529808986576e-06
"10 Copy(s) of Card Total",0.316143131680452,0.423260899388268,0.207815161998333,0.0473283047295267,0.00519313273190445,0.00025510622629048,4.2632452246644e-06
"11 Copy(s) of Card Total",0.278064491091644,0.41886504647688,0.233609714251075,0.0611597845739975,0.00783326885820345,0.000458315608704952,9.37913949426167e-06
"12 Copy(s) of Card Total",0.243885399946201,0.41014909374532,0.257370263262015,0.076537979464247,0.0112688999274366,0.000769605375789754,1.87582789885233e-05
"13 Copy(s) of Card Total",0.213279772369073,0.397873158502662,0.278730158328607,0.0932605602638426,0.0155970325991965,0.00122448113278148,3.48368038358291e-05
"14 Copy(s) of Card Total",0.185942405395196,0.382723137634283,0.297411714895794,0.111093879283657,0.0209037928933937,0.00186410549096272,6.09644067127009e-05
"15 Copy(s) of Card Total",0.161588068149031,0.365315058692469,0.313218121409842,0.129780048369654,0.0272619022047499,0.00273519382973138,0.000101607344521168
"16 Copy(s) of Card Total",0.13995061132528,0.34619930918001,0.326025650689678,0.149043610967326,0.0347284578348066,0.00388978825166353,0.000162571751233869
"17 Copy(s) of Card Total",0.120782096970763,0.325864744026792,0.335776175815749,0.168597808162767,0.0433430180414511,0.00538490973056991,0.000251247251906889
"18 Copy(s) of Card Total",0.103851948567464,0.304742671259381,0.342469990536392,0.188150438700399,0.0531259916059564,0.00728208845254587,0.000376870877860333
"19 Copy(s) of Card Total",0.0889461214167488,0.283210715863599,0.346158934191732,0.207409312977339,0.0640773319175399,0.00964677235001514,0.000550811283026641
"20 Copy(s) of Card Total",0.075866293324744,0.261596561840096,0.346939821155078,0.226087301014414,0.0761755355754352,0.0125476138287669,0.000786873261466629
"21 Copy(s) of Card Total",0.0644290755888907,0.240181572452915,0.344948174791851,0.24390697440382,0.0893769455084825,0.0160556346879865,0.00110162256605328
"22 Copy(s) of Card Total",0.0544652442856611,0.219204288671052,0.340352265936022,0.260604842233426,0.103615358612234,0.0202432692332802,0.00151473102832326
"23 Copy(s) of Card Total",0.0458189918594435,0.198863805803003,0.333347455884063,0.275935180987725,0.118801937903575,0.0251832855826926,0.00204934197949617
"24 Copy(s) of Card Total",0.0383471990125971,0.179323028324315,0.32415084390642,0.289673458425427,0.13482542919286,0.0309475851657186,0.00273245597266157
"25 Copy(s) of Card Total",0.0319187268966723,0.16071180289812,0.312996219276496,0.301619351433699,0.15155268227357,0.0376058804153082,0.00359533680613364
"26 Copy(s) of Card Total",0.0264137296048003,0.143129929588672,0.300129317817155,0.311599357859055,0.168829476629476,0.0452242506528652,0.00467393784797373
"27 Copy(s) of Card Total",0.0217229869652495,0.126650051267872,0.285803382964741,0.319469002314882,0.186481651659333,0.0538635761662399,0.00600934866168051
"28 Copy(s) of Card Total",0.01774725763615,0.111320421214785,0.270275031350612,0.325114635965616,0.204316541419074,0.0635778504807144,0.00764826193304793
"29 Copy(s) of Card Total",0.014396652501386,0.0971675489081566,0.253800422900187,0.328454830287568,0.222124713881529,0.0744123708229822,0.00964346069819087
"30 Copy(s) of Card Total",0.0115900283676554,0.0841987240119194,0.236631735449517,0.329441364806384,0.239682014713664,0.0864018067781214,0.0120543258727386
"31 Copy(s) of Card Total",0.00925440196269753,0.0724044185536926,0.219013943879363,0.328059808811165,0.256751915571325,0.0995681471395611,0.0149473640821958
"32 Copy(s) of Card Total",0.00732438423468891,0.0617605672962764,0.201181903766799,0.324329697045216,0.273088166911507,0.113918524952042,0.0183967557934718
"33 Copy(s) of Card Total",0.00574163495280587,0.0522307263021397,0.183357739554322,0.318304299373452,0.288437755322134,0.129442920747568,0.0224849237475766
"34 Copy(s) of Card Total",0.0044543376089558,0.0437681096909023,0.165748537236488,0.31006998442645,0.302544165369359,0.146111743974359,0.0273031216934859
"35 Copy(s) of Card Total",0.00341669462067557,0.0363175045898082,0.148544341564051,0.299745177221133,0.315150945962375,0.163873292618785,0.0329520434231727
"36 Copy(s) of Card Total",0.00258844283519792,0.0298170642771951,0.131916457765632,0.287478910758114,0.326005581235749,0.182651091020303,0.0395424521078072
"37 Copy(s) of Card Total",0.00193438933468558,0.0241999795189563,0.116016057786896,0.273448971595681,0.334863665949266,0.202341105879389,0.0471958299351247
"38 Copy(s) of Card Total",0.00142396754263305,0.0193960280979961,0.100973091047244,0.257859639400421,0.341493385405289,0.222808840458455,0.0560450480479605
"39 Copy(s) of Card Total",0.00103081363143617,0.0153330025366788,0.0868954997140276,0.240939020474496,0.345680299883642,0.243886306975767,0.0662350567839535
