"","0 Prized","1 Prized","2 Prized","3 Prized","4 Prized","5 Prized","6 Prized"
"1 Copy(s) of Card Total",0.898491364598266,0.101508635401734,0,0,0,0,0
"2 Copy(s) of Card Total",0.805716869996001,0.185548989204529,0.00873414079946949,0,0,0,0
"3 Copy(s) of Card Total",0.721064799423392,0.253956211717834,0.0243672720889597,0.0006117167698163,0,0,0
"4 Copy(s) of Card Total",0.6439561398091,0.308434638457166,0.045260465749919,0.00231605228533347,3.27036984829326e-05,0,0
"5 Copy(s) of Card Total",0.573843395072418,0.350563723683403,0.0699591487761071,0.00547496080709114,0.000157584953121257,1.18670785868109e-06,0
"6 Copy(s) of Card Total",0.510209421343158,0.38180384237556,0.0971815651113098,0.0103428774038011,0.000455283157785872,6.98868063115994e-06,2.19277534877672e-08
"7 Copy(s) of Card Total",0.452566284109297,0.403501960637035,0.125807566403357,0.0170777079207947,0.00102232753585734,2.39998993858167e-05,1.53494274414371e-07
"8 Copy(s) of Card Total",0.400454137292378,0.416897174535341,0.154867731674442,0.0257513803933999,0.00196619034983943,6.27717775001959e-05,6.13977097657483e-07
"9 Copy(s) of Card Total",0.353440124250675,0.423126117375321,0.183532815907747,0.0363599579052497,0.003400669027275,0.000138473602435982,1.84193129297245e-06
"10 Copy(s) of Card Total",0.311117300710092,0.423228235405831,0.211103527550364,0.04883331289152,0.00544159720296412,0.000271421410993047,4.60482823243111e-06
"11 Copy(s) of Card Total",0.273103579622828,0.41815093195991,0.237000634932524,0.0630443628870979,0.00820288467748465,0.000487475298042571,1.01306221113485e-05
"12 Copy(s) of Card Total",0.239040697953792,0.408754580028424,0.260755401603124,0.0788178677196793,0.0117928862920149,0.000818305158739238,2.02612442226969e-05
"13 Copy(s) of Card Total",0.208593205394777,0.3958174032672,0.282000350581566,0.0959387881477996,0.0163110997194591,0.00130152486421251,3.76280249850086e-05
"14 Copy(s) of Card Total",0.181447475006375,0.380040225437617,0.300460357525878,0.11416020594379,0.0218451921718742,0.00198069487073694,6.58490437237649e-05
"15 Copy(s) of Card Total",0.157310735787662,0.36205108828071,0.315944072817167,0.133210805421672,0.0284683560242005,0.00290519326238165,0.000109748406206275
"16 Copy(s) of Card Total",0.135910127173617,0.342409737824712,0.328335672560341,0.152801916409967,0.0362369933542929,0.00412995522713875,0.00017559744993004
"17 Copy(s) of Card Total",0.116991775460316,0.321611979126111,0.337586938501161,0.172634118669458,0.0451887293992556,0.00571508096653092,0.000271377877164607
"18 Copy(s) of Card Total",0.100319892157863,0.300093899444167,0.343709666859582,0.192403407755863,0.0553407549280794,0.0077253120386981,0.000407066815746911
"19 Copy(s) of Card Total",0.0856758942710781,0.27823595984891,0.346768406079396,0.211806922327442,0.0666884975305795,0.0102293761349631,0.0005949438076301
"20 Copy(s) of Card Total",0.072857546507947,0.256366955262623,0.346873523494182,0.230548232897546,0.079204621822638,0.0132992002898764,0.000849919725185857
"21 Copy(s) of Card Total",0.0616781254158137,0.234767842934798,0.344174600909557,0.248342192032082,0.0928383585677468,0.0170089925247402,0.0011898876152602
"22 Copy(s) of Card Total",0.0519656054453329,0.213675439350577,0.338854159101725,0.264919345991915,0.107515162714854,0.0214341919246111,0.00163609547098277
"23 Copy(s) of Card Total",0.0435618669421736,0.193285985572663,0.331121711232337,0.2800299078202,0.123136700352512,0.0266502871487821,0.00221354093132964
"24 Copy(s) of Card Total",0.0363219260664768,0.173758581016723,0.321208145179644,0.293447291874642,0.139581164579329,0.0327315033747438,0.00295138790843952
"25 Copy(s) of Card Total",0.0301131866400666,0.155218485660257,0.309360434785958,0.30497120980469,0.156703920290719,0.0397493576756247,0.00388340514268358
"26 Copy(s) of Card Total",0.0248147139214145,0.137760290684954,0.295836680021413,0.314430327973656,0.174338477881961,0.04777108283111,0.00504842668548865
"27 Copy(s) of Card Total",0.0203165303083579,0.121450957552527,0.280901476064034,0.321684486325771,0.192297795867554,0.0568579195718404,0.00649083430991399
"28 Copy(s) of Card Total",0.0165189329685715,0.10633272551402,0.264821611296095,0.326626478698163,0.210375912416878,0.0670632772572887,0.00826106184898143
"29 Copy(s) of Card Total",0.0133318333977919,0.0924258875526074,0.247862094216794,0.329183394577773,0.228349905806155,0.0784307629871174,0.0104161214617592
"30 Copy(s) of Card Total",0.0106741189057968,0.0797314347598544,0.230282509271222,0.329317522303198,0.245982183786715,0.0909920791460132,0.013020151827199
"31 Copy(s) of Card Total",0.00847303603013632,0.0682335691454736,0.212333701595638,0.32702681371146,0.263023101869561,0.104764789382002,0.0161449882657267
"32 Copy(s) of Card Total",0.00666359587761912,0.0579020848805507,0.194254790679043,0.322344910229716,0.279213910526242,0.119749953018242,0.0198707547885868
"33 Copy(s) of Card Total",0.00518800139355087,0.0486946179742519,0.176270512941056,0.315340730411885,0.294290031306016,0.135929627898298,0.0242864780749394
"34 Copy(s) of Card Total",0.00399509655872702,0.0405587643840109,0.158588893226102,0.306117618920218,0.307984661869336,0.153264241664892,0.0294907233767121
"35 Copy(s) of Card Total",0.00303983751417861,0.0334340665591946,0.141399245213885,0.294812056951787,0.320032709937617,0.171689831472134,0.0355922523512043
"36 Copy(s) of Card Total",0.00228278561367174,0.0272538684182469,0.12487050074618,0.281591934109911,0.330175056159314,0.19111515213123,0.0427107028214451
"37 Copy(s) of Card Total",0.00168962240396056,0.0219470387593139,0.109149868069918,0.266654381720514,0.33816314589231,0.211418652689678,0.0509772904643055
"38 Copy(s) of Card Total",0.00123068653279357,0.0174395631043454,0.0943618189965741,0.250223167593405,0.343763909902593,0.232445321443927,0.0605355324263628
"39 Copy(s) of Card Total",0.000880532584673636,0.0136560039766775,0.0806074049778623,0.232545652228495,0.346765013979242,0.25400339938553,0.0715419928675197
"40 Copy(s) of Card Total",0.000617511844371298,0.0105208296120935,0.0679639020977277,0.213889306466943,0.346980437465717,0.275860962080769,0.0841670504323758
"41 Copy(s) of Card Total",0.000423374988191699,0.00795961110336359,0.0564847849806447,0.194537790587234,0.344256380707449,0.297742369983762,0.0985956876493547
"42 Copy(s) of Card Total",0.000282896702994926,0.00590008797826447,0.0462000296162135,0.174786594846177,0.338477501415727,0.31932458718304,0.11502830225758
"43 Copy(s) of Card Total",0.000183522232969874,0.00427310221107723,0.0371167451000641,0.15493824146485,0.3295734799479,0.340233368581622,0.133681540461512
"44 Copy(s) of Card Total",0.000115035854161585,0.0030134006675647,0.029220134291058,0.135297048059462,0.317525913503873,0.360039315510549,0.15478915211333
"45 Copy(s) of Card Total",6.92512767520784e-05,0.00206030598342778,0.0224747833847946,0.116163452517148,0.302375539238896,0.378253799775907,0.178602867823073
"46 Copy(s) of Card Total",3.97239750946682e-05,0.00135825587624088,0.0168262804034194,0.0978278993166995,0.284229786292681,0.39432475613933,0.205393297996534
"47 Copy(s) of Card Total",2.1485445501767e-05,0.000857210890866351,0.0122031626017344,0.0805642872942203,0.263270656734792,0.407632343231977,0.235450853800905
"48 Copy(s) of Card Total",1.07993917861808e-05,0.00051293057834814,0.00851919278961112,0.0646229788537137,0.239762935426365,0.417484472901997,0.269086690058177
"49 Copy(s) of Card Total",4.93983855588807e-06,0.000287118108284341,0.00567596457070527,0.0502233706225993,0.214062728798102,0.423112207995456,0.306633670066295
"50 Copy(s) of Card Total",1.99117226230933e-06,0.000147433314678938,0.00356583649747457,0.0375460255521616,0.186626332544594,0.423665028570767,0.348447352348063
"51 Copy(s) of Card Total",6.70110002062599e-07,6.73741752725828e-05,0.00207519514249834,0.0267243664629281,0.158019428234924,0.418205966546571,0.394906999327805
"52 Copy(s) of Card Total",1.69596072207752e-07,2.60267243524521e-05,0.00108804708609963,0.0178359310349774,0.128926608839592,0.405706608783128,0.446416607935779
"53 Copy(s) of Card Total",2.46262789781119e-08,7.68339904117093e-06,0.000489939820269537,0.010893188243178,0.100161233173726,0.38504196859716,0.503405962140347
"54 Copy(s) of Card Total",0,1.32981906481804e-06,0.000172211568893937,0.00583391623735675,0.0726756092566047,0.35498522571019,0.566331707407891
"55 Copy(s) of Card Total",0,0,3.65700242824961e-05,0.00251114166739807,0.0475715065874803,0.31420233463035,0.635678447090488
"56 Copy(s) of Card Total",0,0,0,0.00068264045327326,0.0261109973377022,0.261246501467677,0.711959860741347
"57 Copy(s) of Card Total",0,0,0,0,0.00972762645914399,0.19455252918288,0.795719844357979
