"","0 Prized","1 Prized","2 Prized","3 Prized","4 Prized","5 Prized","6 Prized"
"1 Copy(s) of Card Total",0.899621685863074,0.100378314136925,0,0,0,0,0
"2 Copy(s) of Card Total",0.807781452489031,0.18368046674809,0.00853808076288021,0,0,0,0
"3 Copy(s) of Card Total",0.723888343963436,0.251679325576783,0.0238413745453521,0.000590955914429492,0,0,0
"4 Copy(s) of Card Total",0.647382616451556,0.306022910047516,0.0443242860822904,0.00223897533894251,3.12120796938645e-05,0,0
"5 Copy(s) of Card Total",0.577734619682369,0.348239983845934,0.0685773074269225,0.00529650271022814,0.000150467818564066,1.11851598105138e-06,0
"6 Copy(s) of Card Total",0.51444369883639,0.379745525075881,0.0953561388481018,0.0100130963897096,0.000434931773060044,6.58867305286188e-06,2.04038055744027e-08
"7 Copy(s) of Card Total",0.457037116837298,0.401846073993639,0.123571115784663,0.0165457976711316,0.000977121010860176,2.26318757679541e-05,1.42826639020819e-07
"8 Copy(s) of Card Total",0.40506899704738,0.41574495831934,0.152276941856866,0.0249690917120366,0.00188023070221738,5.92090556023775e-05,5.71306556083275e-07
"9 Copy(s) of Card Total",0.358119286366767,0.42254739612553,0.180662727934915,0.0352844603891294,0.00325376576838832,0.000130649495602975,1.71391966824983e-06
"10 Copy(s) of Card Total",0.315792738736476,0.423265476302906,0.20804233726457,0.0474295270775299,0.00520947858714619,0.000256157232201201,4.28479917062457e-06
"11 Copy(s) of Card Total",0.277717919045273,0.41882301660323,0.233845036649837,0.061286793353915,0.00785761275537723,0.000460195034193494,9.42655817537406e-06
"12 Copy(s) of Card Total",0.243546227440324,0.410060299259388,0.257606453692739,0.0766919676235485,0.0113034529087607,0.000772745958888205,1.88531163507481e-05
"13 Copy(s) of Card Total",0.212950944041659,0.39773868418264,0.278959840090183,0.0934418856712,0.0156441805985326,0.00122945248541908,3.50129303656751e-05
"14 Copy(s) of Card Total",0.185626294060444,0.382545099737013,0.297627640987892,0.111302023135952,0.020966036225333,0.00187163322522527,6.12726281399313e-05
"15 Copy(s) of Card Total",0.161286533321052,0.365096411090881,0.313413370391438,0.130013599909894,0.0273417870301369,0.00274617720969798,0.000102121046899886
"16 Copy(s) of Card Total",0.139665054186946,0.345943666145693,0.326193792634349,0.14930027646071,0.0348285011422686,0.00390531575499353,0.000163393675039817
"17 Copy(s) of Card Total",0.120513511890365,0.325576219041886,0.335911409903299,0.168874442078148,0.0434656276845,0.00540627190401309,0.000252517497788808
"18 Copy(s) of Card Total",0.103600971265812,0.304425731241951,0.342567255820389,0.188443095044382,0.0532733829352325,0.00731078744554895,0.000378776246683212
"19 Copy(s) of Card Total",0.0887130738873556,0.282870050190671,0.346213995082507,0.207713314728263,0.0642514425477622,0.00968452751059729,0.000553596052844694
"20 Copy(s) of Card Total",0.0756512256097296,0.26123696555252,0.346949329157766,0.226397325603456,0.0763779398266285,0.0125963627458375,0.000790851504063849
"21 Copy(s) of Card Total",0.0642318045132419,0.239807843026243,0.344909708039036,0.244217153190466,0.0896087700610475,0.0161175290642782,0.00110719210568939
"22 Copy(s) of Card Total",0.0542853892524881,0.218821135736582,0.340264348054556,0.260908871922554,0.103877200915428,0.0203206649730696,0.00152238914532291
"23 Copy(s) of Card Total",0.0456560078088712,0.198475773203188,0.333209555735626,0.276226444935543,0.119093788876969,0.0252787264784825,0.00205970296131923
"24 Copy(s) of Card Total",0.038200406646926,0.178934427886684,0.323963357741387,0.289945155781507,0.13514660176035,0.031063779568054,0.0027462706150923
"25 Copy(s) of Card Total",0.0317873402744498,0.160326659311906,0.312760436840679,0.301864632066351,0.151901747269488,0.0377456702698995,0.00361351396722671
"26 Copy(s) of Card Total",0.0262968812064382,0.142751935768303,0.299847373950992,0.311811461011284,0.169204207616397,0.0453905722891914,0.00469756815739473
"27 Copy(s) of Card Total",0.0216197503328267,0.126282533587508,0.28547819623449,0.319641396938175,0.186878980197117,0.0540594122218042,0.00603973048807894
"28 Copy(s) of Card Total",0.0176566676900384,0.110966313998072,0.269910231251128,0.325241160678798,0.204732524324735,0.0638061723451268,0.00768692971210047
"29 Copy(s) of Card Total",0.014317723636336,0.0968293775573719,0.253400267168844,0.32852983090797,0.222554514019485,0.0746760709860401,0.00969221572395277
"30 Copy(s) of Card Total",0.0115217704309803,0.0838785961606714,0.236201019030844,0.329459827400569,0.240119896855933,0.0867036204660624,0.012115269654941
"31 Copy(s) of Card Total",0.00919583421719435,0.0721040226273632,0.218557901079959,0.328017486212453,0.257191258867245,0.0999105626236604,0.0150229343721268
"32 Copy(s) of Card Total",0.00727454740893283,0.0614811778643687,0.200706105140098,0.324223226785252,0.273521495506543,0.114303681913728,0.0184897653810792
"33 Copy(s) of Card Total",0.00569960148145685,0.0519732156067067,0.182867985054774,0.318131310975066,0.288856788665336,0.12987249608423,0.02259860213243
"34 Copy(s) of Card Total",0.00441922016571481,0.0435329647352296,0.165250747182726,0.309829194005034,0.302939889749045,0.146586824430014,0.0274411597322365
"35 Copy(s) of Card Total",0.0033876530465284,0.0361048491715243,0.148044446950606,0.299436467341806,0.315513708809601,0.164394233623787,0.0331186410561475
"36 Copy(s) of Card Total",0.00256468956458448,0.029626685349981,0.131420291462768,0.287103393495892,0.326325209735135,0.18321736112426,0.0397423692673769
"37 Copy(s) of Card Total",0.00191519342223235,0.0240313572670286,0.115529248168134,0.273009032745913,0.335129611496749,0.202951116161461,0.0474344407384822
"38 Copy(s) of Card Total",0.00140865739308668,0.0192483691075354,0.100500959584137,0.257358961786721,0.341694895452366,0.223459758299207,0.0563283983769476
"39 Copy(s) of Card Total",0.00101877853543597,0.0152052754483781,0.0864429640777587,0.240382584301429,0.345806618707672,0.244573853574754,0.0665699253545746
"40 Copy(s) of Card Total",0.000723053809456581,0.0118289890391753,0.073440222703642,0.222330033457313,0.347273033534134,0.266087108215602,0.0783175592406758
"41 Copy(s) of Card Total",0.000502396098232437,0.00904696616018998,0.0615549520992943,0.203468666325616,0.345930512844111,0.287753079933478,0.0917434265390774
