"","0 In Hand","1 In Hand","2 In Hand","3 In Hand","4 In Hand","5 In Hand","6 In Hand","7 In Hand"
"1",0.898305084745759,0.101694915254237,0,0,0,0,0,0
"2",0.805376972530684,0.185856224430159,0.00876680303915836,0,0,0,0,0
"3",0.7206004491064,0.254329570272847,0.0244547663723891,0.000615214248361991,0,0,0,0
"4",0.643393258130714,0.308828763902743,0.0454159946915797,0.00232902536879896,3.29579061622495e-05,0,0,0
"5",0.573204902698274,0.350941777162208,0.0701883554324415,0.00550496905352483,0.000158797184236293,1.19846931499089e-06,0,0
"6",0.509515469065132,0.382136601798848,0.0974838269895024,0.0103982748788802,0.000458747421127069,7.05765263272413e-06,2.2193876203535e-08,0
"7",0.451834472567192,0.403766975485576,0.126177179839242,0.0171669632434343,0.00103001779460606,2.42357128142602e-05,1.55357133424745e-07,0
"8",0.399699725732516,0.417077974677407,0.155294990571376,0.0258824984285625,0.0019808034511655,6.33857104372961e-05,6.21428533698979e-07,0
"9",0.352676228587514,0.423211474305017,0.184004988828268,0.0365399977815,0.00342562479201563,0.00013982142008227,1.86428560109694e-06,0
"10",0.310355081157012,0.423211474305017,0.211605737152507,0.0490679970208714,0.00548099966722501,0.00027404998336125,4.66071400274236e-06,0
"11",0.272352418158194,0.418029292986995,0.237516643742611,0.0633377716646962,0.00826144847800387,0.000492171398689592,1.02535708060332e-05,0
"12",0.23830836588842,0.408528627237291,0.261268308116872,0.0791722145808704,0.0118758321871306,0.000826144847800387,2.05071416120664e-05,0
"13",0.20788602130692,0.395490479559506,0.28249319968536,0.0963542696601231,0.016424023237521,0.00131392185900168,3.80846915652661e-05,0
"14",0.180770453310364,0.379617951951765,0.300916669230057,0.114634921611451,0.0219939093789411,0.00199944630717647,6.66482102392156e-05,0
"15",0.156667726202316,0.36154090662073,0.31634829329314,0.133740741880026,0.0286587304028627,0.0029325212505255,0.000111080350398693,0
"16",0.135303945356546,0.341820493532326,0.328673551473388,0.153380990687582,0.0364747477854617,0.00416854260405274,0.000177728560637908,0
"17",0.116424325074237,0.320953544799247,0.337845836630787,0.173254275195276,0.0454792472387598,0.00576809964979392,0.000274671411894948,0
"18",0.0997922786350603,0.299376835905182,0.343878797999195,0.193054763789021,0.0556888741699099,0.0077964423837874,0.000412007117842423,0
"19",0.0851885305421245,0.277471213765777,0.346839017207222,0.212477956487307,0.0670983020486235,0.0103228156997882,0.000602164249154312,0
"20",0.072410250960806,0.255565591626375,0.346839017207223,0.231226011471482,0.0796792336827404,0.0134196604097247,0.000860234641649018,0
"21",0.061270212351451,0.23394081079645,0.344030604112428,0.249012627738518,0.0933797354019445,0.0171616811008979,0.00120432849830862,0
"22",0.0515959682959589,0.212833369220831,0.338598541942231,0.26556748387626,0.10812390414962,0.021624780829924,0.00165595168517436,0
"23",0.0432290545182358,0.19243901688763,0.330754560275615,0.280640232961128,0.123811867482851,0.0268848626534189,0.00224040522111826,0
"24",0.0360242120985299,0.172916218072944,0.320731694812718,0.294004053578324,0.140320116480564,0.0330164979954269,0.00298720696149099,0
"25",0.0298486328816391,0.154389480422271,0.308778960844541,0.305458756964494,0.157502171559817,0.0400914618515897,0.00393053547564605,0
"26",0.0245812270789968,0.136952550868697,0.295156359630812,0.314833450272866,0.175189581200224,0.0481771348300615,0.00510969611833987,0
"27",0.0201119130646338,0.120671478387803,0.280130217685972,0.321988755960886,0.193193253576531,0.0573347720291642,0.00656960929500841,0
"28",0.016340929365015,0.105587543589327,0.263968858973318,0.326818587300299,0.211305121099331,0.067617638751786,0.00836132092091978,0
"29",0.013178168842754,0.0917200551455679,0.246938610007299,0.32925148000973,0.229300137863919,0.0790690130565242,0.0105425350742032,0
"30",0.0105425350742032,0.0790690130565242,0.229300137863919,0.32925148000973,0.246938610007299,0.0917200551455679,0.013178168842754,0
"31",0.00836132092091978,0.067617638751786,0.211305121099331,0.326818587300299,0.263968858973318,0.105587543589327,0.016340929365015,0
"32",0.00656960929500841,0.0573347720291642,0.193193253576531,0.321988755960886,0.280130217685972,0.120671478387803,0.0201119130646338,0
"33",0.00510969611833987,0.0481771348300615,0.175189581200224,0.314833450272866,0.295156359630812,0.136952550868697,0.0245812270789968,0
"34",0.00393053547564605,0.0400914618515897,0.157502171559817,0.305458756964494,0.308778960844541,0.154389480422271,0.0298486328816391,0
"35",0.00298720696149099,0.0330164979954269,0.140320116480564,0.294004053578324,0.320731694812718,0.172916218072944,0.0360242120985299,0
"36",0.00224040522111826,0.0268848626534189,0.123811867482851,0.280640232961128,0.330754560275615,0.19243901688763,0.0432290545182358,0
"37",0.00165595168517436,0.021624780829924,0.10812390414962,0.26556748387626,0.338598541942231,0.212833369220831,0.0515959682959589,0
"38",0.00120432849830862,0.0171616811008979,0.0933797354019445,0.249012627738518,0.344030604112428,0.23394081079645,0.061270212351451,0
"39",0.000860234641649018,0.0134196604097247,0.0796792336827404,0.231226011471482,0.346839017207223,0.255565591626375,0.072410250960806,0
"40",0.000602164249154312,0.0103228156997882,0.0670983020486235,0.212477956487307,0.346839017207222,0.277471213765777,0.0851885305421245,0
"41",0.000412007117842423,0.0077964423837874,0.0556888741699099,0.193054763789021,0.343878797999195,0.299376835905182,0.0997922786350603,0
"42",0.000274671411894948,0.00576809964979392,0.0454792472387598,0.173254275195276,0.337845836630787,0.320953544799247,0.116424325074237,0
"43",0.000177728560637908,0.00416854260405274,0.0364747477854617,0.153380990687582,0.328673551473388,0.341820493532326,0.135303945356546,0
"44",0.000111080350398693,0.0029325212505255,0.0286587304028627,0.133740741880026,0.31634829329314,0.36154090662073,0.156667726202316,0
"45",6.66482102392156e-05,0.00199944630717647,0.0219939093789411,0.114634921611451,0.300916669230057,0.379617951951765,0.180770453310364,0
"46",3.80846915652661e-05,0.00131392185900168,0.016424023237521,0.0963542696601231,0.28249319968536,0.395490479559506,0.20788602130692,0
"47",2.05071416120664e-05,0.000826144847800387,0.0118758321871306,0.0791722145808704,0.261268308116872,0.408528627237291,0.23830836588842,0
"48",1.02535708060332e-05,0.000492171398689592,0.00826144847800387,0.0633377716646962,0.237516643742611,0.418029292986995,0.272352418158194,0
"49",4.66071400274236e-06,0.00027404998336125,0.00548099966722501,0.0490679970208714,0.211605737152507,0.423211474305017,0.310355081157012,0
"50",1.86428560109694e-06,0.00013982142008227,0.00342562479201563,0.0365399977815,0.184004988828268,0.423211474305017,0.352676228587514,0
"51",6.21428533698979e-07,6.33857104372961e-05,0.0019808034511655,0.0258824984285625,0.155294990571376,0.417077974677407,0.399699725732516,0
"52",1.55357133424745e-07,2.42357128142602e-05,0.00103001779460606,0.0171669632434343,0.126177179839242,0.403766975485576,0.451834472567192,0
"53",2.2193876203535e-08,7.05765263272413e-06,0.000458747421127069,0.0103982748788802,0.0974838269895024,0.382136601798848,0.509515469065132,0
"54",0,1.19846931499089e-06,0.000158797184236293,0.00550496905352483,0.0701883554324415,0.350941777162208,0.573204902698274,0
"55",0,0,3.29579061622495e-05,0.00232902536879896,0.0454159946915797,0.308828763902743,0.643393258130714,0
"56",0,0,0,0.000615214248361991,0.0244547663723891,0.254329570272847,0.7206004491064,0
"57",0,0,0,0,0.00876680303915836,0.185856224430159,0.805376972530684,0
"58",0,0,0,0,0,0.101694915254237,0.898305084745759,0
"59",0,0,0,0,0,0,1,0
"60",0,0,0,0,0,0,0,0
"61",0.897475369458127,0.102524630541872,0,0,0,0,0,0
"62",0.803863106040962,0.187224526834327,0.00891236712470829,0,0,0,0,0
"63",0.718532399348121,0.255992120078521,0.0248446701729693,0.000630810400385197,0,0,0,0
"64",0.640886531150985,0.310583472788554,0.0461090309742111,0.00238687291448505,3.40921717639373e-05,0,0,0
"65",0.570361624411079,0.352624533699526,0.0712096145723319,0.00563877038468689,0.00016420595076286,1.25098161136533e-06,0,0
"66",0.506425415681313,0.383617252378595,0.0988304701520929,0.0106452689418725,0.000474203870625959,7.36559266504818e-06,2.33828338572958e-08,0
"67",0.448576050890024,0.40494555353902,0.127823722708024,0.0175648925081774,0.00106432814009946,2.52885348166654e-05,1.63679837001071e-07,0
"68",0.396340904507872,0.417881171057215,0.157198115455829,0.0264670296430731,0.00204599796251339,6.61266541484325e-05,6.54719348004283e-07,0
"69",0.349275422097562,0.423589341692789,0.186107902986305,0.0373425727327723,0.00353695759775614,0.000145838734767954,1.96415804401285e-06,0
"70",0.306961986246403,0.423134358511593,0.213842095161773,0.0501140895229563,0.005656775166757,0.00028578499540387,4.91039511003212e-06,0
"71",0.269008805881698,0.417484984011753,0.239814051755002,0.0646455269948268,0.00852269219847646,0.000513136288998356,1.08028692420707e-05,0
"72",0.235048828968974,0.407519722952701,0.263551427830659,0.0807514475844781,0.0122458239194044,0.000861143005296491,2.16057384841413e-05,0
"73",0.204738678593033,0.394031954887216,0.284686469869253,0.0982057977455951,0.016927710285566,0.00136926367643246,4.01249428991196e-05,0
"74",0.177757612421859,0.377734926396451,0.302946662633595,0.116750208855472,0.0226572177570362,0.00208315328551262,7.02186500734593e-05,0
"75",0.153806505553329,0.359266603027945,0.318145726777758,0.136101830464353,0.0295077918149605,0.00305451127819549,0.000117031083455766,0
"76",0.132606856744787,0.339194380936666,0.330174967198559,0.1559606958881,0.0375350602210855,0.00434078927726838,0.000187249733529225,0
"77",0.113899818025434,0.318019658229018,0.338994972129532,0.17601662014418,0.0467747870197959,0.00600475850022126,0.000289385951817892,0
"78",0.0974452476915527,0.296182266009851,0.344627662977416,0.195955630230973,0.0572411772826601,0.00811393687981708,0.000434078927726839,0
"79",0.0830207866845796,0.274064759132493,0.347148694901158,0.215465927750411,0.0689255325954832,0.0107398758876591,0.000634423048216151,0
"80",0.0704209583519924,0.251996566651739,0.34668020813341,0.234243383873926,0.0817952572878681,0.0139573070607553,0.000906318640308787,0
"81",0.0594562915910464,0.230258001979871,0.343383930044546,0.251996566651739,0.095793215405284,0.0178431482310792,0.0012688460964323,0
"82",0.0499524673753347,0.209084132745657,0.337454627949183,0.268451300665456,0.110837438423645,0.0224753694581281,0.00174466338259442,0
"83",0.0417494886641891,0.188668510356351,0.3291139126552,0.283354759023996,0.126821183706392,0.0279317186644772,0.00236042692939245,0
"84",0.0347008736949105,0.169166759262688,0.318604392755287,0.296479087702837,0.143613343704088,0.0342883069743324,0.00314723590585658,0
"85",0.0286728726578349,0.150700025926886,0.306184179660974,0.307624562226583,0.161059205896514,0.0416180537550773,0.00414109987612709,0
"86",0.023543707754234,0.133358287493626,0.292121743379197,0.316622276694871,0.178981563477285,0.0499889913618198,0.00538342983896522,0
"87",0.0192028366370472,0.117203520164046,0.276691119031344,0.323336365151571,0.197182176780957,0.0594624295849339,0.00692155265009815,0
"88",0.0155502392344498,0.102272727272727,0.260167464114833,0.327665755297333,0.21544358545266,0.0700909798005985,0.00880924882739763,0
"89",0.0124957279562543,0.0885808270676692,0.242822966507176,0.329545454545454,0.233531271360218,0.0819164388243336,0.0111073137388927,0
"90",0.00995828128314514,0.076123400193273,0.224923103212577,0.328947368421051,0.251196172248804,0.0949675324675323,0.0138841421736159,0
"91",0.00786540073874789,0.064879296876315,0.206723249851004,0.325880651303583,0.268177546138072,0.109257518796992,0.0172163362952837,0
"92",0.00615249124453168,0.0548131038149186,0.188465640889804,0.320391589512667,0.284206186461825,0.12478165109744,0.0211893369788106,0
"93",0.00476226485754616,0.0458774707705223,0.1703766806178,0.312563016737244,0.29900798795017,0.141514500537057,0.0258980785296573,0
"94",0.00364416789099184,0.0380152968628468,0.152664604861908,0.30251326180805,0.312307863254195,0.159407138535995,0.0314476667860126,0
"95",0.00275383141762452,0.0311617765678563,0.135517493446259,0.290394628813412,0.323834010313138,0.178384178837899,0.0379540806038083,0
"96",0.00205254515599343,0.0252463054187192,0.119101633393829,0.276391409558378,0.333322530464091,0.198340679284417,0.0455448967245699,0
"97",0.00150675473951336,0.0201942454097626,0.103560232870577,0.260717428367156,0.340522397294174,0.219138903292714,0.0543600380260995,0
"98",0.00108758236837055,0.0159285501034269,0.0890124858720918,0.243613119228883,0.345200776235259,0.240604941035975,0.0645525451559931,0
"99",0.000770370844262469,0.012371249440215,0.0755529876527413,0.225342135286717,0.347148694901158,0.262525190326915,0.076289371547992,0
"100",0.000534250987971494,0.00944479425163892,0.0632515008973395,0.206187490670248,0.346187064167359,0.284642697204273,0.0897522018211669,0
"101",0.000361732439772365,0.00707326047616425,0.0521530726353125,0.186447234671242,0.342173049993246,0.306653356222322,0.105138293561939,0
"102",0.000238317842673558,0.00518341307814989,0.0422785018973765,0.166429658262689,0.335006795986831,0.328201970443348,0.122661342488928,0
"103",0.000152140408492495,0.00370562966978575,0.0336251581147224,0.14644803296119,0.324638496711998,0.348878171133161,0.142552371000647,0
"104",9.36248667646124e-05,0.00257468383602684,0.0261681502607092,0.126814882032668,0.311075821738253,0.368212197159565,0.165060640106012,0
"105",5.51717964862895e-05,0.00173038816252453,0.0198618467350641,0.107835784041384,0.294391690432978,0.385670534093853,0.190454584737705,0
"106",3.08653406916305e-05,0.00111809696655432,0.0146417459905923,0.0898027087422988,0.274732397496202,0.400651413015296,0.219022772448362,0
"107",1.6204303863106e-05,0.00068906873094065,0.0104266979023914,0.07298688531674,0.252326089237872,0.412480169018605,0.251074885489585,0
"108",7.85663217605139e-06,0.000400688240978622,0.00712147587957801,0.0576312029513998,0.227491590597631,0.420404459424421,0.286942726273811,0
"109",3.43727657702248e-06,0.000216548424352416,0.00461969971951822,0.0439421437606554,0.20064758290711,0.423589341692789,0.326981246218994,0
"110",1.30943869600857e-06,0.000106391894050696,0.00280710920456837,0.0320812480522099,0.172322132394728,0.421112211039616,0.37156959797613,0
"111",4.09199592502677e-07,4.59121942788003e-05,0.00156518844132274,0.0221561119360574,0.143162569432987,0.411957597756145,0.421112211039614,0
"112",9.35313354291832e-08,1.64147493678217e-05,0.000775140942369356,0.0142109172767715,0.113945718528295,0.395011824231425,0.476039890740434,0
"113",1.16914169286479e-08,4.33751568052838e-06,0.000322215450553536,0.00821649398911518,0.0855884790532835,0.369057521677756,0.536810940622192,0
"114",0,6.31336514146987e-07,0.000100382505749371,0.00405991467697456,0.0591587567216293,0.332768006559165,0.603912308199966,0
"115",0,0,1.73617541390422e-05,0.00153362161561539,0.0358867458054,0.284701516722841,0.677860754102001,0
"116",0,0,0,0.00032408607726212,0.0171765620948924,0.223295307233601,0.759204044594242,0
"117",0,0,0,0,0.00461822660098521,0.146859605911331,0.848522167487684,0
"118",0,0,0,0,0,0.0535714285714284,0.946428571428566,0
"119",0,0,0,0,0,0,0,0
"120",0,0,0,0,0,0,0,0
"121",0.896659612715316,0.103340387284684,0,0,0,0,0,0
"122",0.802376401444597,0.188566422541437,0.00905717601396483,0,0,0,0,0
"123",0.716503852485832,0.2576176468763,0.0252319869358575,0.00064651370201237,0,0,0,0
"124",0.638430700550983,0.312292607739395,0.0467963821435049,0.00244506115214013,3.52484139773374e-05,0,0,0
"125",0.567579623573207,0.354255384888875,0.0722207495707391,0.00577322066843534,0.000169716105957487,1.30519278583993e-06,0,0
"126",0.503405962140346,0.38504196859716,0.100161233173725,0.010893188243178,0.000489939820269533,7.68339904117088e-06,2.46262789781119e-08,0
"127",0.4453964635547,0.40606649009953,0.129447419791471,0.0179638444195751,0.00109923500598632,2.63747447855577e-05,1.72383952846783e-07,0
"128",0.39306805051907,0.418627304285027,0.15907039540052,0.0270523286428808,0.00211227803554924,6.89535811387131e-05,6.89535811387131e-07,0
"129",0.345966614449104,0.423912924629696,0.188171170763839,0.038145121085936,0.00365005781757777,0.000152042646410862,2.06860743416139e-06,0
"130",0.30366583341189,0.423007810372134,0.216029476473874,0.0511586319491294,0.00583519680386359,0.00029787947051924,5.17151858540348e-06,0
"131",0.265766014690856,0.416898005931386,0.242052927389809,0.0659492982347783,0.00878764139054945,0.00053473502173072,1.13773408878877e-05,0
"132",0.231892961976925,0.406476632567149,0.265766556468993,0.0823231879959297,0.0126207217134925,0.000897184595730572,2.27546817757753e-05,0
"133",0.201696867185978,0.392549232282319,0.28680271799256,0.100045112059584,0.0174375808378129,0.00142623094701735,4.22586947264398e-05,0
"134",0.174851226902561,0.375838963967845,0.304891360185234,0.118847243224333,0.0233279733416261,0.00216927966262391,7.39527157712697e-05,0
"135",0.151051783449899,0.35699165178993,0.319850667229328,0.13843724293243,0.0303654332939607,0.00317996677816461,0.00012325452628545,0
"136",0.130015490586178,0.336580685819542,0.331578070672889,0.158505895416264,0.0386048116268609,0.00451783863620847,0.000197207242056719,0
"137",0.111479503827104,0.315111774904252,0.340041630232086,0.178734249319271,0.0480801829016723,0.00624788398697877,0.00030477482863311,0
"138",0.0952001953947477,0.293027551782416,0.345271783987737,0.198800266791256,0.0588031214695148,0.00843991833137849,0.000457162242949667,0
"139",0.0809521937926603,0.270712030439656,0.347353467976035,0.218384980058132,0.0707613470259384,0.0111678205063419,0.00066816020123413,0
"140",0.0685274480072757,0.248494915707694,0.346418605173468,0.237178155466093,0.0839177395597628,0.0145086215125126,0.000954514573191615,0
"141",0.0577343163355858,0.226655765105488,0.342638963875908,0.254883465000196,0.098209723696105,0.0185414455842471,0.00133632040246826,0
"142",0.048396679839099,0.205428002922712,0.336219385471894,0.271223165277366,0.113549022433588,0.0233463035019455,0.00183744055339386,0
"143",0.040353080424075,0.185002786545553,0.327391381610098,0.285942284013825,0.129821780275736,0.0290027381467069,0.00248594898400346,0
"144",0.0334558835480398,0.16553272502484,0.316407100760982,0.29881231396693,0.146889055756555,0.0355883222973126,0.00331459864533793,0
"145",0.0275704655525803,0.147135449886491,0.303533664172616,0.309634414351459,0.164587683360295,0.0431770086695337,0.0043613140070236,0
"146",0.0225744256224152,0.129897038184293,0.289047871220714,0.318242119730275,0.182731504835402,0.0518373321977662,0.00566970820913069,0
"147",0.0183568223707482,0.113875287795009,0.273231274152839,0.324503556379452,0.201112969902648,0.0616304645589919,0.00728962484031089,0
"148",0.0148174350508981,0.099102844955804,0.256365622226772,0.328323166127793,0.219505106357451,0.0726081209390648,0.00927770434221384,0
"149",0.0118660493942083,0.0855901840440032,0.238728675243113,0.329642937670788,0.237663859566378,0.0848103190413247,0.0116979750401827,0
"150",0.00942176807423581,0.0733284395991746,0.220590386472016,0.328443145358975,0.255330801357834,0.0982629903375346,0.0146224688002284,0
"151",0.00741234579721847,0.0622920905875371,0.202209454974148,0.324742595460733,0.272236208306929,0.112975443561149,0.0181318613122832,0
"152",0.00577354901882172,0.052441496908696,0.183830247315809,0.318598379899492,0.288102509414544,0.128937680442902,0.0223161369997331,0
"153",0.00444854028716407,0.0437252881447024,0.165680088678245,0.310105137465365,0.302648103180563,0.146117563688729,0.0272752785552293,0
"154",0.00338728721212167,0.0360826045514418,0.147966923361148,0.299393822501202,0.315591544071303,0.164457837200004,0.0331199811027785,0
"155",0.00254599606091175,0.0294451902923471,0.130877344680335,0.286629981063047,0.326656098381131,0.183872998536116,0.039972390986112,0
"156",0.00188656997995519,0.0237393389144362,0.114574994259614,0.272011534555053,0.335574669488246,0.204246023619359,0.0479668691833343,0
"157",0.00137609184301791,0.0188876910666794,0.0991993307168403,0.255766070838772,0.342095092504676,0.225424943682162,0.0572507793478506,0
"158",0.000986331725631335,0.0148108844606899,0.084864767744145,0.238147642816904,0.345985798320429,0.247219274456628,0.0679853004755724,0
"159",0.000693279005791803,0.0114290560737417,0.0716601815823603,0.21943307449144,0.347041847041848,0.269396297606414,0.080346264198404,0
"160",0.000476699090938968,0.00866319659411334,0.0596487878896233,0.199917774496243,0.345091330824144,0.291677194400929,0.0945250167040048,0
"161",0.000319714771213166,0.00643635710875792,0.0488683880041651,0.179911057104039,0.340002146098125,0.313733031631865,0.110729305281834,0
"162",0.000208412198991761,0.00467470803329906,0.0393319846012861,0.159730970707829,0.331689135191081,0.335180599772038,0.129184189495473,0
"163",0.000131471494704479,0.00330845028435306,0.0310287667445152,0.139698633776727,0.320121597341882,0.355578103376587,0.150132976981226,0
"164",7.98219789277197e-05,0.00227257869417743,0.0239254643309527,0.120132078286218,0.305331169110266,0.374420703726458,0.173838183872998,0
"165",4.63220307578283e-05,0.00150749766764512,0.0179680719307997,0.101339600622828,0.287420074180262,0.391135913714245,0.200582519853459,0
"166",2.54635724633676e-05,0.000959489081545192,0.0130839420210709,0.0836126199632239,0.266569742557864,0.405078844972352,0.230669897831479,0
"167",1.31011804163555e-05,0.00058103242620957,0.00918424761349191,0.0672180441277307,0.243049799162844,0.415527307243464,0.264426468245841,0
"168",6.20582230248418e-06,0.000330977189465823,0.00616681427658284,0.0523901429082668,0.217227421814765,0.421676759993367,0.302201677995247,0
"169",2.64322061031734e-06,0.000174567482916175,0.00391932155192446,0.0393219288707035,0.189577068613179,0.42263511626608,0.344369353994584,0
"170",9.76842399465103e-07,8.33189105426116e-05,0.0023228737646104,0.0281560456316411,0.16069057471201,0.417417398781314,0.391328811357482,0
"171",2.95515347737342e-07,3.47476796381158e-05,0.0012559402278837,0.0189751636096096,0.13128761848811,0.404940248274264,0.443505986205146,0
"172",6.56700772749649e-08,1.19519540640436e-05,0.000598664841957899,0.0117918832506859,0.102226557104023,0.384016284077721,0.50135459310147,0
"173",8.20875965937061e-09,3.04544983362649e-06,0.000237545087022867,0.00653814572853415,0.0745156314649115,0.353348316946514,0.565357307114425,0
"174",0,4.43273021606013e-07,7.04804104353562e-05,0.00305415111886543,0.0493245405696768,0.311523414124274,0.636026970503728,0
"175",0,0,1.21900080941654e-05,0.00107678404831794,0.0279963852562664,0.257006816652526,0.713907824034795,0
"176",0,0,0,0.000227546817757753,0.0120599813411609,0.188135708922111,0.79957676291897,0
"177",0,0,0,0,0.00324254215304798,0.103112840466927,0.893644617380028,0
"178",0,0,0,0,0,0,0,0
"179",0,0,0,0,0,0,0,0
"180",0,0,0,0,0,0,0,0
"181",0.89585942713413,0.104140572865869,0,0,0,0,0,0
"182",0.800919777312161,0.189879299643942,0.00920092304389825,0,0,0,0,0
"183",0.714518756685484,0.259203061880029,0.0256158875858841,0.000662293848603586,0,0,0,0
"184",0.63603049643294,0.313953041010173,0.0474765622447978,0.00250347528464668,3.64250274419156e-05,0,0,0
"185",0.564864191683271,0.35583152374834,0.0732195550287539,0.00590804871257619,0.000175319749520252,1.36107753786518e-06,0,0
"186",0.500462766362874,0.386408551922386,0.101473191439056,0.0111415214721,0.000505931964789314,8.01091350857789e-06,2.59252864355272e-08,0
"187",0.442301563968829,0.407128416758311,0.131044681453413,0.018362977602108,0.00113468497406693,2.74937662648765e-05,1.8147700504869e-07,0
"188",0.389887064267228,0.419315997612798,0.160907675388451,0.027637133098865,0.00217953883063476,7.18648939992813e-05,7.25908020194759e-07,0
"189",0.342755625916782,0.424182945154018,0.19019020864152,0.0389458726684741,0.00376474046973507,0.000158429425407506,2.17772406058428e-06,0
"190",0.30047225501771,0.422833708990734,0.218163035311795,0.0521992679736121,0.00601596271736409,0.00031032567863326,5.44431015146071e-06,0
"191",0.26262939958592,0.416271409749669,0.244228350700683,0.0672460773745357,0.00905583217836179,0.00055695292849443,1.19774823332135e-05,0
"192",0.228845769952489,0.405403555601184,0.267908902691512,0.0838837271643593,0.0129998460037986,0.000934243621990658,2.39549646664271e-05,0
"193",0.198765185088397,0.391047603233194,0.288837492008529,0.101867774298604,0.0179526775376577,0.00148478004209229,4.44877915233646e-05,0
"194",0.172055444854582,0.373936363273409,0.306746861355197,0.120920850619018,0.0240048708428154,0.00225775541981075,7.7853635165888e-05,0
"195",0.14840722817726,0.354723250159829,0.321459973431767,0.140741088571667,0.0312299241063164,0.00330877949455025,0.000129756058609814,0
"196",0.12753301714854,0.333987376459528,0.332880677832168,0.161010028419298,0.0396817619239466,0.00469952852274086,0.000207609693775701,0
"197",0.109166047052321,0.312238491635725,0.340984766820196,0.181400006947976,0.0493925964641019,0.00649723973475319,0.000320851344926083,0
"198",0.0930592823154803,0.289921765263123,0.345811419984973,0.201581027667984,0.0603711775109545,0.00877405024009407,0.000481277017389125,0
"199",0.0789844183843463,0.267422414691549,0.347455037775734,0.221227112509003,0.0726014313869146,0.0116061803808839,0.000703404871568723,0
"200",0.0667309095264537,0.245070177157852,0.34605746391589,0.240022135009559,0.0860414887543886,0.0150729615336155,0.00100486410224103,0
"201",0.0561050225575917,0.223143626346106,0.341800596696393,0.257665135000744,0.100623101296835,0.0192557083591938,0.00140680974313744,0
"202",0.0469289164941338,0.201874333396072,0.334899389148401,0.273875114784205,0.116251447279115,0.0242364355012577,0.00193436339681399,0
"203",0.0390397481306571,0.181450872359963,0.325595238095237,0.288395316804407,0.132805325987144,0.0300964187327823,0.00261707988980717,0
"204",0.0322888035428459,0.162022670107471,0.314149762083647,0.300996982815164,0.150137741046832,0.0369146005509642,0.00348943985307621,0
"205",0.0265406555156825,0.143703700679087,0.300838968194339,0.311482594540446,0.168076872622327,0.0447658402203857,0.00459136822773186,0
"206",0.0216723468969247,0.126576024087702,0.285947807731853,0.31968859582945,0.186427438493554,0.0537190082644627,0.00596877869605142,0
"207",0.0175725998758697,0.110693169568484,0.269765120793687,0.325487596305957,0.204972444013047,0.0638349254051731,0.0076741440377804,0
"208",0.014141051187404,0.0960833632770389,0.252578969718747,0.328790056511938,0.223475320942084,0.0751641459510663,0.0097670924117205,0
"209",0.01128751324134,0.0827526004358556,0.234672361415085,0.329545454545454,0.241682455166106,0.0877445856335546,0.0123150295626041,0
"210",0.0089312611770391,0.0706875619290279,0.216319358566933,0.327742934192807,0.259326103289452,0.101598993891484,0.0153937869532552,0
"211",0.00700034584332105,0.05985837534526,0.197781579721034,0.323411434554985,0.276127698109371,0.116732270603992,0.0190882958220364,0
"212",0.00543093270365996,0.0502212204691544,0.179305088252267,0.316619301168349,0.291801542969348,0.133128627271638,0.0234932871655832,0
"213",0.00416666666666667,0.0417207792207791,0.161117670208579,0.307473378619623,0.3060588949917,0.150748592645826,0.0287140176468238,0
"214",0.00315806284185731,0.0342925300435182,0.143426501035196,0.296117584655134,0.318612437189512,0.169525862806495,0.0348670214282862,0
"215",0.0023619232207087,0.0278648867402011,0.126416201178149,0.282730965784325,0.329181139457819,0.189363995688107,0.0420808879306902,0
"216",0.00174077928299991,0.0223611817575166,0.110247280567079,0.267525234377552,0.337495508444125,0.210132950053898,0.0504970655168282,0
"217",0.0012623605284403,0.0177014939187055,0.0950549719773578,0.250741787258137,0.343303226298195,0.231665468918433,0.0602706911007305,0
"218",0.00089908893358408,0.0138043206045362,0.0809484532714857,0.232648205788702,0.346375178301157,0.253753307418417,0.0715714456821173,0
"219",0.000627599334031239,0.0105880943825607,0.0680104585198008,0.213534237451772,0.346511869373889,0.276143305131807,0.0845844358061387,0
"220",0.000428285731914907,0.00797254408465329,0.056297278000476,0.193707258924649,0.343550229464709,0.298533302845196,0.0995111009483985,0
"221",0.000284873528675182,0.00587990033282882,0.0458391470788164,0.173487220648557,0.33737080781637,0.320567903769485,0.116570146825267,0
"222",0.000184017683119371,0.00423594551334399,0.0366410239658532,0.153201072892053,0.327905356112326,0.341834079203823,0.135998504629478,0
"223",0.000114926794768692,0.00297090819907923,0.028683756356232,0.133176673308725,0.315144800502327,0.36185661864785,0.158052316191015,0
"224",6.90131124913733e-05,0.00202020202020202,0.0219256369453998,0.11373617598914,0.299147602507287,0.380093424362199,0.18300794506328,0
"225",3.95684684222233e-05,0.00132500898311175,0.0163043478260869,0.0951889020070836,0.28004850880345,0.395930650377289,0.211163013534554,0
"226",2.14661371686165e-05,0.000832707237665914,0.0117392937640872,0.0778236914600549,0.258067689885871,0.408677685950413,0.242837465564738,0
"227",1.08886203029214e-05,0.000497143292687668,0.00813432435333261,0.0619007370040427,0.233520267611176,0.417561983471073,0.278374655647382,0
"228",5.08135614136332e-06,0.000278748679754788,0.00538084505026653,0.0476428988825681,0.206826231619619,0.421723730814638,0.318142463597008,0
"229",2.13235480932211e-06,0.000144501065270019,0.00336131708751184,0.0352265014500012,0.178520744636446,0.420210368144251,0.362534435261707,0
"230",7.77758593065814e-07,6.77298108128147e-05,0.00195314626683653,0.0247716111891462,0.149264836652548,0.411970949161032,0.411970949161032,0
"231",2.33327577919744e-07,2.77659817724496e-05,0.00103296063141553,0.0163317962231005,0.119856487984408,0.395850346802556,0.466900409049169,0
"232",5.18505728710543e-08,9.43680426253188e-06,0.000481277017389126,0.00988336732138383,0.091242101213355,0.370583303389627,0.527800462403409,0
"233",6.48132160888179e-09,2.40457031689514e-06,0.000187556484717821,0.00531410040033827,0.0645283620041078,0.33478832522131,0.595179244837887,0
"234",0,3.49991366879617e-07,5.56486273338591e-05,0.00241144051780056,0.0409944888026095,0.286961421618267,0.669576650442624,0
"235",0,0,9.62476258918946e-06,0.000850187362045067,0.0221048714131717,0.225469688414352,0.751565628047841,0
"236",0,0,0,0.000179662234998203,0.00952209845490476,0.148544735896514,0.841753503413582,0
"237",0,0,0,0,0,0,0,0
"238",0,0,0,0,0,0,0,0
"239",0,0,0,0,0,0,0,0
"240",0,0,0,0,0,0,0,0
"241",0.895076421521822,0.104923578478179,0,0,0,0,0,0
"242",0.799496134844983,0.191160573353675,0.00934329180134169,0,0,0,0,0
"243",0.712581021539296,0.26074533991706,0.0259955201134531,0.000678118430190615,0,0,0,0
"244",0.633690583374724,0.315561752658287,0.0481480508466878,0.00256199292014568,3.76202001541963e-05,0,0,0
"245",0.562220523720655,0.357350298270352,0.0742037851050144,0.006042966306132,0.000181007997116094,1.41860073097767e-06,0,0
"246",0.497601356225947,0.387715004968239,0.102763382390456,0.0113897270227534,0.000522154192132936,8.34791968613784e-06,2.72807832880322e-08,0
"247",0.439297040779777,0.408130208123184,0.132611893019281,0.018761403878929,0.00117061841088946,2.86448224524338e-05,1.90965483016226e-07,0
"248",0.386803646753248,0.419947152212228,0.162705799749938,0.0282201152182057,0.00224766373510097,7.48584693423604e-05,7.63861932064901e-07,0
"249",0.339648043521798,0.424400429083071,0.192160468622747,0.0397429724634047,0.00388080054585574,0.000164994177326019,2.2915857961947e-06,0
"250",0.297386618268373,0.422614252534226,0.220238009011333,0.0532335380456029,0.00619873957870665,0.000323113597263453,5.72896449048676e-06,0
"251",0.259604021067421,0.415608569210488,0.246335542885815,0.0685327377174478,0.00932675419051244,0.00057977120643726,1.26037218790709e-05,0
"252",0.225911937249615,0.40430500581367,0.269973883287733,0.085429227250807,0.0133824518380277,0.000972287116385469,2.52074437581417e-05,0
"253",0.195947887047408,0.389532652628684,0.290786622016754,0.103669213518752,0.018471954768243,0.00154485619603469,4.68138241222632e-05,0
"254",0.169374052521346,0.372033683364879,0.308509626529076,0.122965729961875,0.0246864899204735,0.00234849351013354,8.19241922139606e-05,0
"255",0.145876131767165,0.352468811312707,0.32297094604764,0.143007366438945,0.0320993880401973,0.00344081607298635,0.000136540320356601,0
"256",0.125162220403685,0.331422581815683,0.334081126884041,0.163466453461889,0.0407634920046434,0.00488566091748709,0.000218464512570561,0
"257",0.106961720341471,0.309408501057634,0.341823936972223,0.184006700815114,0.0507089743601284,0.00675253947945371,0.000337626973972685,0
"258",0.0910242758322894,0.286874001165271,0.346247499613908,0.204290290559165,0.0619415640711426,0.00911592829726252,0.000506440460959029,0
"259",0.0771187367993403,0.264205241626033,0.347455836435771,0.223984424418712,0.0744411824811866,0.0120543960267831,0.000740182212170889,0
"260",0.0650321494482775,0.241731747021259,0.345600819558379,0.242767325554873,0.0881609884853542,0.0156495667716131,0.00105740316024413,0
"261",0.0545687741590091,0.219730881074636,0.34087453297686,0.260333694721868,0.103026832914669,0.0199849197286141,0.00148036442434178,0
"262",0.0455491306582832,0.198432157015967,0.333502043153343,0.276399620808024,0.118937122132166,0.0251444251487464,0.00203550108346995,0
"263",0.0378090704730561,0.178021384260226,0.323734578821126,0.290706945761083,0.135763090840725,0.0312110166132058,0.00275391323057699,0
"264",0.0311988766646427,0.158644651401922,0.311843120000608,0.303027083897875,0.153349484102655,0.0382648996248592,0.00367188430743597,0
"265",0.0255823908436525,0.140412145524755,0.298112396226969,0.313164295598308,0.171515648571023,0.0463816965149808,0.0048314267203105,0
"266",0.0208361674657072,0.123401807826578,0.282835293989587,0.320958415383698,0.190057032932734,0.0556304276652893,0.00628085473640365,0
"267",0.0168486554079419,0.10766282555966,0.266307673383222,0.326287034379433,0.208747097563365,0.0660713290452851,0.00807538466109042,0
"268",0.0135194068262903,0.093218960286245,0.248823593970936,0.329067137161966,0.227339633393741,0.0777535060648862,0.0102777622959332,0
"269",0.0107583132935519,0.0800717124494133,0.230670949858766,0.329256192990153,0.245571489988266,0.0907124237423674,0.0129589176774811,0
"270",0.00848486921824377,0.0682033222592449,0.212127513982151,0.326852701420911,0.263165712835,0.104967233187596,0.0161986470968514,0
"271",0.00662746254423475,0.0575796068942795,0.193457391604104,0.321896192309225,0.279835089847486,0.120517934400574,0.0200863224000957,0
"272",0.00512269273116351,0.04815263401828,0.17490788302513,0.314466680192479,0.29528610707833,0.137342375385269,0.0247216275693485,0
"273",0.00391471601563942,0.0398632316122951,0.1567067555049,0.304683573059123,0.309223313644519,0.155393087578762,0.0302153225847591,0
"274",0.00295461795322704,0.0326433341220208,0.139059924395674,0.292704035501683,0.321354095864508,0.174593957595678,0.0366900345672077,0
"275",0.00219981324121377,0.0264181649204646,0.122149543487465,0.278720806254086,0.331393860607038,0.194836735287931,0.0442810762018023,0
"276",0.00161347282216075,0.0211082550859087,0.106132504564962,0.262959470113342,0.339071627851704,0.215977378119758,0.0531372914421628,0
"277",0.00116397826823715,0.0166312984951728,0.0911393461761981,0.245675184245544,0.344136032461295,0.237832231858067,0.0634219284954845,0
"278",0.000824403446337699,0.0129038432321791,0.0772735716129699,0.227148858876208,0.346361735165849,0.260174047578067,0.0753135400883877,0
"279",0.000572023463983457,0.00984281931181547,0.0646113761029995,0.207682792364949,0.345556242758486,0.282727834984217,0.0890069110135495,0
"280",0.000387850896005954,0.00736690271910021,0.0532017832138556,0.187595760664487,0.341567137502977,0.305166552046455,0.104714012957117,0
"281",0.000256199292014568,0.00539771576364681,0.043067190468618,0.167217561163993,0.334289715753062,0.327106630951758,0.122664986606909,0
"282",0.000164273964647215,0.00386086374942883,0.0342043241732919,0.14688301091676,0.323675035783521,0.348103340370956,0.143109151041393,0
"283",0.000101790058604306,0.00268680795984508,0.0265856034559732,0.126925399252217,0.309738374832995,0.367645984040905,0.166316040399457,0
"284",6.06179004660075e-05,0.00181157495808512,0.0201609135177618,0.107669394772276,0.29256809535856,0.385152935661901,0.19257646783095,0
"285",3.44556292927847e-05,0.00117730220279503,0.0148597880954245,0.0894234067320077,0.272334920502024,0.399966510110435,0.222203616728019,0
"286",1.85291080092315e-05,0.000732619979043447,0.0105940011358081,0.0724714008046574,0.249301618768021,0.411347670967236,0.255534159237223,0
"287",9.31911557119179e-06,0.000432869644587864,0.00726056768200012,0.057064169230992,0.223833097913813,0.418470574360607,0.292929402052425,0
"288",4.31581991616669e-06,0.000240158191441205,0.00474515397124042,0.043410055352982,0.196406908050856,0.420416949125076,0.334776459488486,0
"289",1.80053169701012e-06,0.000123249122738672,0.0029258967445814,0.0316651325318184,0.167624153958118,0.416170313275328,0.381489453835717,0
"290",6.54738798912773e-07,5.72896449048676e-05,0.00167763176829754,0.0219228374502626,0.138220816607144,0.404610026795458,0.433510742995133,0
"291",1.96421639673832e-07,2.3374175121186e-05,0.000876531567044473,0.0142030577993317,0.109079483898868,0.38450518074351,0.491312175394484,0
"292",4.36492532608515e-08,7.94416409347498e-06,0.000405152368767224,0.00844067434931716,0.0812414906121776,0.354508322671321,0.555396372185069,0
"293",5.45615665760644e-09,2.02423411997199e-06,0.000157890261357815,0.0044735574051381,0.0559194675642264,0.313149018359666,0.626298036719334,0
"294",0,2.94632459510748e-07,4.6846561062209e-05,0.00203001764602905,0.0345102999824939,0.258827249868705,0.704585291309252,0
"295",0,0,8.10239263654557e-06,0.000715711349561523,0.0186084950885996,0.189806649903716,0.790861041265484,0
"296",0,0,0,0,0,0,0,0
"297",0,0,0,0,0,0,0,0
"298",0,0,0,0,0,0,0,0
"299",0,0,0,0,0,0,0,0
"300",0,0,0,0,0,0,0,0
"301",0.894312186391652,0.105687813608347,0,0,0,0,0,0
"302",0.798108331090455,0.192407710602394,0.00948395830715046,0,0,0,0,0
"303",0.710694481028696,0.262241550185274,0.0263700157183167,0.000693953067711569,0,0,0,0
"304",0.631415515051766,0.317115863907726,0.048809304508959,0.00262048461844967,3.8831913099152e-05,0,0,0
"305",0.559653666201256,0.358809244252541,0.075171171264231,0.00617766958403368,0.000186770981045244,1.4777168901032e-06,0,0
"306",0.494827072691618,0.388959561057826,0.104028830113058,0.0116372357110515,0.000538577592761882,8.6941401495392e-06,2.8693531846664e-08,0
"307",0.436388357580322,0.409071005779067,0.134145446365189,0.0191581929884868,0.00120696950585338,2.98269263546072e-05,2.00854722926648e-07,0
"308",0.383823237131573,0.420520963590011,0.164460650551231,0.028799889204709,0.00231652447108735,7.79316324955395e-05,8.03418891706592e-07,0
"309",0.336649157873532,0.424566713322348,0.194077482865657,0.0405344916338268,0.00399801325985492,0.000171730788102284,2.41025667511978e-06,0
"310",0.294413962349112,0.422351955244211,0.222249768012795,0.0542588948514047,0.00638316309460888,0.000336230806179209,6.02564168779945e-06,0
"311",0.256694583560251,0.414913166677473,0.24836992045579,0.0698060546795418,0.00959985148227914,0.000603166732948724,1.32564117131588e-05,0
"312",0.223095768105762,0.403185785453871,0.271957180068554,0.0869557482613151,0.0137677304506663,0.00101127483640383,2.65128234263175e-05,0
"313",0.193248828012692,0.388010221209915,0.292646278190677,0.105444760264585,0.0189942811878127,0.00160639303366956,4.92381006488754e-05,0
"314",0.166810421261218,0.370137694520625,0.310176534085332,0.124976495215162,0.0253712990843511,0.00244138915717341,8.61666761355319e-05,0
"315",0.14346136100308,0.350235903872077,0.324381381800152,0.145230015959342,0.0329718091788312,0.00357591705962459,0.000143611126892553,0
"316",0.122905453473533,0.328894520472739,0.335178327431073,0.165868508255798,0.041847412006024,0.00507600055780223,0.000229777803028085,0
